Date,Low,Open,Volume,High,Close,Adjusted Close
22-01-2007,7.5,7.5,16200,7.5,7.5,4.577993869781494
23-01-2007,7.650000095367432,7.650000095367432,1000,7.650000095367432,7.650000095367432,4.669553756713867
24-01-2007,7.650000095367432,7.650000095367432,0,7.650000095367432,7.650000095367432,4.669553756713867
25-01-2007,7.579999923706055,7.579999923706055,100400,7.579999923706055,7.579999923706055,4.62682580947876
26-01-2007,7.440000057220459,7.440000057220459,1366800,7.440000057220459,7.440000057220459,4.541369915008545
29-01-2007,7.519999980926514,7.519999980926514,11300,7.519999980926514,7.519999980926514,4.590202808380127
30-01-2007,7.400000095367432,7.449999809265137,1700,7.449999809265137,7.449999809265137,4.547474384307861
31-01-2007,7.449999809265137,7.449999809265137,400,7.449999809265137,7.449999809265137,4.547474384307861
01-02-2007,7.449999809265137,7.449999809265137,300,7.449999809265137,7.449999809265137,4.547474384307861
02-02-2007,7.449999809265137,7.449999809265137,0,7.449999809265137,7.449999809265137,4.547474384307861
05-02-2007,7.449999809265137,7.449999809265137,0,7.449999809265137,7.449999809265137,4.547474384307861
06-02-2007,7.449999809265137,7.449999809265137,0,7.449999809265137,7.449999809265137,4.547474384307861
07-02-2007,7.449999809265137,7.449999809265137,0,7.449999809265137,7.449999809265137,4.547474384307861
08-02-2007,7.349999904632568,7.349999904632568,600,7.349999904632568,7.349999904632568,4.486434459686279
09-02-2007,7.349999904632568,7.349999904632568,0,7.349999904632568,7.349999904632568,4.486434459686279
12-02-2007,7.349999904632568,7.349999904632568,0,7.349999904632568,7.349999904632568,4.486434459686279
13-02-2007,7.300000190734863,7.300000190734863,104200,7.300000190734863,7.300000190734863,4.45591402053833
14-02-2007,7.300000190734863,7.300000190734863,0,7.300000190734863,7.300000190734863,4.45591402053833
15-02-2007,7.300000190734863,7.300000190734863,0,7.300000190734863,7.300000190734863,4.45591402053833
16-02-2007,7.300000190734863,7.300000190734863,0,7.300000190734863,7.300000190734863,4.45591402053833
20-02-2007,7.349999904632568,7.349999904632568,9100,7.349999904632568,7.349999904632568,4.486434459686279
21-02-2007,7.389999866485596,7.389999866485596,104700,7.389999866485596,7.389999866485596,4.510849475860596
22-02-2007,7.260000228881836,7.300000190734863,1608700,7.300000190734863,7.300000190734863,4.45591402053833
23-02-2007,7.429999828338623,7.429999828338623,1500,7.429999828338623,7.429999828338623,4.535266399383545
26-02-2007,7.400000095367432,7.400000095367432,8000,7.400000095367432,7.400000095367432,4.516953945159912
27-02-2007,7.349999904632568,7.349999904632568,1100,7.349999904632568,7.349999904632568,4.486434459686279
28-02-2007,7.349999904632568,7.349999904632568,0,7.349999904632568,7.349999904632568,4.486434459686279
01-03-2007,7.21999979019165,7.21999979019165,900,7.21999979019165,7.21999979019165,4.407082557678223
02-03-2007,7.199999809265137,7.199999809265137,25900,7.199999809265137,7.199999809265137,4.394874095916748
05-03-2007,7.050000190734863,7.050000190734863,500,7.050000190734863,7.050000190734863,4.303314208984375
06-03-2007,7.050000190734863,7.050000190734863,0,7.050000190734863,7.050000190734863,4.303314208984375
07-03-2007,7.150000095367432,7.199999809265137,600,7.199999809265137,7.199999809265137,4.394874095916748
08-03-2007,7.039999961853027,7.039999961853027,1800,7.199999809265137,7.039999961853027,4.297210216522217
09-03-2007,7.099999904632568,7.099999904632568,1300,7.099999904632568,7.099999904632568,4.333835124969482
12-03-2007,7.099999904632568,7.099999904632568,0,7.099999904632568,7.099999904632568,4.333835124969482
13-03-2007,7.0,7.099999904632568,2500,7.099999904632568,7.099999904632568,4.333835124969482
14-03-2007,7.099999904632568,7.099999904632568,0,7.099999904632568,7.099999904632568,4.333835124969482
15-03-2007,7.03000020980835,7.03000020980835,200,7.03000020980835,7.03000020980835,4.291107177734375
16-03-2007,7.0,7.0,2300,7.03000020980835,7.0,4.272794723510742
19-03-2007,7.0,7.0,0,7.0,7.0,4.272794723510742
20-03-2007,7.0,7.0,223400,7.099999904632568,7.0,4.272794723510742
21-03-2007,7.360000133514404,7.360000133514404,500000,7.360000133514404,7.360000133514404,4.4925384521484375
22-03-2007,7.599999904632568,7.599999904632568,112600,7.599999904632568,7.599999904632568,4.639034748077393
23-03-2007,7.599999904632568,7.599999904632568,143000,7.599999904632568,7.599999904632568,4.639034748077393
26-03-2007,7.550000190734863,7.550000190734863,500,7.550000190734863,7.550000190734863,4.608514785766602
27-03-2007,7.550000190734863,7.550000190734863,0,7.550000190734863,7.550000190734863,4.608514785766602
28-03-2007,7.349999904632568,7.349999904632568,2000,7.349999904632568,7.349999904632568,4.486434459686279
29-03-2007,7.650000095367432,7.650000095367432,2000,7.650000095367432,7.650000095367432,4.669553756713867
30-03-2007,7.650000095367432,7.650000095367432,0,7.650000095367432,7.650000095367432,4.669553756713867
02-04-2007,7.5,7.5,101900,7.5,7.5,4.577993869781494
03-04-2007,7.650000095367432,7.650000095367432,31300,7.650000095367432,7.650000095367432,4.669553756713867
04-04-2007,7.650000095367432,7.650000095367432,0,7.650000095367432,7.650000095367432,4.669553756713867
05-04-2007,7.650000095367432,7.650000095367432,0,7.650000095367432,7.650000095367432,4.669553756713867
09-04-2007,7.599999904632568,7.599999904632568,400,7.599999904632568,7.599999904632568,4.639034748077393
10-04-2007,7.800000190734863,7.800000190734863,1900,7.849999904632568,7.800000190734863,4.761114120483398
11-04-2007,7.900000095367432,7.900000095367432,4500,7.900000095367432,7.900000095367432,4.822153568267822
12-04-2007,7.800000190734863,7.800000190734863,400,7.800000190734863,7.800000190734863,4.761114120483398
13-04-2007,7.849999904632568,7.849999904632568,31200,7.849999904632568,7.849999904632568,4.7916340827941895
16-04-2007,7.849999904632568,7.849999904632568,0,7.849999904632568,7.849999904632568,4.7916340827941895
17-04-2007,8.050000190734863,8.050000190734863,400,8.050000190734863,8.050000190734863,4.913713455200195
18-04-2007,8.0,8.0,22500,8.149999618530273,8.0,4.8831939697265625
19-04-2007,7.940000057220459,7.940000057220459,4400,8.050000190734863,7.940000057220459,4.8465704917907715
20-04-2007,7.940000057220459,7.940000057220459,0,7.940000057220459,7.940000057220459,4.8465704917907715
23-04-2007,8.149999618530273,8.149999618530273,100300,8.149999618530273,8.149999618530273,4.9747538566589355
24-04-2007,8.270000457763672,8.270000457763672,700,8.270000457763672,8.270000457763672,5.048002243041992
25-04-2007,8.270000457763672,8.270000457763672,0,8.270000457763672,8.270000457763672,5.048002243041992
26-04-2007,8.270000457763672,8.270000457763672,0,8.270000457763672,8.270000457763672,5.048002243041992
27-04-2007,8.270000457763672,8.270000457763672,0,8.270000457763672,8.270000457763672,5.048002243041992
30-04-2007,8.25,8.25,2200,8.350000381469727,8.25,5.035793304443359
01-05-2007,8.25,8.25,0,8.25,8.25,5.035793304443359
02-05-2007,8.25,8.25,0,8.25,8.25,5.035793304443359
03-05-2007,8.25,8.25,2800,8.300000190734863,8.25,5.035793304443359
04-05-2007,8.300000190734863,8.300000190734863,1200,8.300000190734863,8.300000190734863,5.066313743591309
07-05-2007,8.399999618530273,8.399999618530273,2000,8.399999618530273,8.399999618530273,5.127353191375732
08-05-2007,8.430000305175781,8.430000305175781,2000,8.430000305175781,8.430000305175781,5.145666122436523
09-05-2007,8.350000381469727,8.350000381469727,600,8.5,8.350000381469727,5.096834182739258
10-05-2007,8.25,8.25,1900,8.300000190734863,8.25,5.035793304443359
11-05-2007,8.350000381469727,8.350000381469727,300,8.350000381469727,8.350000381469727,5.096834182739258
14-05-2007,8.350000381469727,8.350000381469727,0,8.350000381469727,8.350000381469727,5.096834182739258
15-05-2007,8.350000381469727,8.350000381469727,0,8.350000381469727,8.350000381469727,5.096834182739258
16-05-2007,7.949999809265137,8.149999618530273,300,8.149999618530273,8.149999618530273,4.9747538566589355
17-05-2007,8.100000381469727,8.100000381469727,1200,8.100000381469727,8.100000381469727,4.944234371185303
18-05-2007,8.149999618530273,8.149999618530273,1100,8.149999618530273,8.149999618530273,4.9747538566589355
21-05-2007,8.149999618530273,8.149999618530273,0,8.149999618530273,8.149999618530273,4.9747538566589355
22-05-2007,8.149999618530273,8.149999618530273,0,8.149999618530273,8.149999618530273,4.9747538566589355
23-05-2007,7.699999809265137,7.699999809265137,1100,7.849999904632568,7.699999809265137,4.700074195861816
24-05-2007,7.699999809265137,7.849999904632568,2000,7.849999904632568,7.849999904632568,4.7916340827941895
25-05-2007,7.550000190734863,7.550000190734863,300,7.550000190734863,7.550000190734863,4.608514785766602
29-05-2007,7.5,7.5,1800,7.699999809265137,7.5,4.577993869781494
30-05-2007,7.579999923706055,7.579999923706055,300,7.579999923706055,7.579999923706055,4.62682580947876
31-05-2007,7.579999923706055,7.579999923706055,0,7.579999923706055,7.579999923706055,4.62682580947876
01-06-2007,7.5,7.5,12500,7.599999904632568,7.5,4.577993869781494
04-06-2007,7.449999809265137,7.449999809265137,200,7.449999809265137,7.449999809265137,4.547474384307861
05-06-2007,7.449999809265137,7.449999809265137,0,7.449999809265137,7.449999809265137,4.547474384307861
06-06-2007,7.449999809265137,7.449999809265137,0,7.449999809265137,7.449999809265137,4.547474384307861
07-06-2007,7.349999904632568,7.349999904632568,600,7.550000190734863,7.349999904632568,4.486434459686279
08-06-2007,7.329999923706055,7.5,800,7.5,7.5,4.577993869781494
11-06-2007,7.289999961853027,7.449999809265137,1600,7.449999809265137,7.449999809265137,4.547474384307861
12-06-2007,7.320000171661377,7.320000171661377,700,7.320000171661377,7.320000171661377,4.4681220054626465
13-06-2007,7.199999809265137,7.199999809265137,1000,7.199999809265137,7.199999809265137,4.394874095916748
14-06-2007,7.349999904632568,7.349999904632568,600,7.349999904632568,7.349999904632568,4.486434459686279
15-06-2007,7.349999904632568,7.349999904632568,0,7.349999904632568,7.349999904632568,4.486434459686279
18-06-2007,7.550000190734863,7.550000190734863,300,7.550000190734863,7.550000190734863,4.608514785766602
19-06-2007,7.5,7.650000095367432,1500,7.650000095367432,7.650000095367432,4.669553756713867
20-06-2007,7.630000114440918,7.630000114440918,200,7.630000114440918,7.630000114440918,4.657346248626709
21-06-2007,7.5,7.5,800,7.5,7.5,4.577993869781494
22-06-2007,7.449999809265137,7.449999809265137,1400,7.449999809265137,7.449999809265137,4.547474384307861
25-06-2007,7.349999904632568,7.349999904632568,3100,7.349999904632568,7.349999904632568,4.486434459686279
26-06-2007,7.349999904632568,7.349999904632568,2400,7.349999904632568,7.349999904632568,4.486434459686279
27-06-2007,7.300000190734863,7.300000190734863,1600,7.300000190734863,7.300000190734863,4.45591402053833
28-06-2007,7.300000190734863,7.300000190734863,2800,7.300000190734863,7.300000190734863,4.45591402053833
29-06-2007,7.300000190734863,7.300000190734863,0,7.300000190734863,7.300000190734863,4.45591402053833
02-07-2007,7.300000190734863,7.300000190734863,0,7.300000190734863,7.300000190734863,4.45591402053833
03-07-2007,7.610000133514404,7.610000133514404,200,7.610000133514404,7.610000133514404,4.645138263702393
05-07-2007,7.400000095367432,7.699999809265137,900,7.699999809265137,7.699999809265137,4.700074195861816
06-07-2007,3.4100000858306885,7.349999904632568,1200,7.5,7.349999904632568,4.486434459686279
09-07-2007,7.480000019073486,7.480000019073486,1000,7.480000019073486,7.480000019073486,4.565786361694336
10-07-2007,7.480000019073486,7.480000019073486,0,7.480000019073486,7.480000019073486,4.565786361694336
11-07-2007,7.480000019073486,7.480000019073486,0,7.480000019073486,7.480000019073486,4.565786361694336
12-07-2007,7.480000019073486,7.480000019073486,0,7.480000019073486,7.480000019073486,4.565786361694336
13-07-2007,7.449999809265137,7.449999809265137,1500,7.449999809265137,7.449999809265137,4.547474384307861
16-07-2007,7.449999809265137,7.449999809265137,0,7.449999809265137,7.449999809265137,4.547474384307861
17-07-2007,7.400000095367432,7.400000095367432,2200,7.550000190734863,7.400000095367432,4.516953945159912
18-07-2007,7.409999847412109,7.409999847412109,5200,7.409999847412109,7.409999847412109,4.5230584144592285
19-07-2007,7.650000095367432,7.650000095367432,400,7.650000095367432,7.650000095367432,4.669553756713867
20-07-2007,7.349999904632568,7.349999904632568,2500,7.650000095367432,7.349999904632568,4.486434459686279
23-07-2007,7.400000095367432,7.400000095367432,2200,7.460000038146973,7.400000095367432,4.516953945159912
24-07-2007,7.329999923706055,7.329999923706055,267100,7.329999923706055,7.329999923706055,4.474225997924805
25-07-2007,7.449999809265137,7.449999809265137,200,7.449999809265137,7.449999809265137,4.547474384307861
26-07-2007,7.099999904632568,7.099999904632568,4000,7.349999904632568,7.099999904632568,4.333835124969482
27-07-2007,7.349999904632568,7.349999904632568,1700,7.400000095367432,7.349999904632568,4.486434459686279
30-07-2007,7.349999904632568,7.349999904632568,600,7.349999904632568,7.349999904632568,4.486434459686279
31-07-2007,7.349999904632568,7.349999904632568,0,7.349999904632568,7.349999904632568,4.486434459686279
01-08-2007,7.599999904632568,7.599999904632568,400,7.599999904632568,7.599999904632568,4.639034748077393
02-08-2007,7.599999904632568,7.599999904632568,0,7.599999904632568,7.599999904632568,4.639034748077393
03-08-2007,7.550000190734863,7.550000190734863,700,7.550000190734863,7.550000190734863,4.608514785766602
06-08-2007,7.599999904632568,7.599999904632568,2300,7.599999904632568,7.599999904632568,4.639034748077393
07-08-2007,7.800000190734863,7.800000190734863,300,7.800000190734863,7.800000190734863,4.761114120483398
08-08-2007,7.800000190734863,7.800000190734863,0,7.800000190734863,7.800000190734863,4.761114120483398
09-08-2007,7.699999809265137,7.699999809265137,1200,7.699999809265137,7.699999809265137,4.700074195861816
10-08-2007,7.449999809265137,7.550000190734863,5200,7.699999809265137,7.550000190734863,4.608514785766602
13-08-2007,7.550000190734863,7.550000190734863,0,7.550000190734863,7.550000190734863,4.608514785766602
14-08-2007,7.449999809265137,7.449999809265137,700,7.650000095367432,7.449999809265137,4.547474384307861
15-08-2007,7.449999809265137,7.449999809265137,0,7.449999809265137,7.449999809265137,4.547474384307861
16-08-2007,7.449999809265137,7.449999809265137,0,7.449999809265137,7.449999809265137,4.547474384307861
17-08-2007,7.550000190734863,7.550000190734863,7300,7.550000190734863,7.550000190734863,4.608514785766602
20-08-2007,7.449999809265137,7.5,2600,7.5,7.5,4.577993869781494
21-08-2007,7.449999809265137,7.449999809265137,400,7.449999809265137,7.449999809265137,4.547474384307861
22-08-2007,7.699999809265137,7.699999809265137,400,7.699999809265137,7.699999809265137,4.700074195861816
23-08-2007,7.550000190734863,7.599999904632568,1900,7.599999904632568,7.599999904632568,4.639034748077393
24-08-2007,7.550000190734863,7.550000190734863,2500,7.599999904632568,7.550000190734863,4.608514785766602
27-08-2007,7.550000190734863,7.739999771118164,3700,7.739999771118164,7.739999771118164,4.724490165710449
28-08-2007,7.400000095367432,7.400000095367432,400,7.400000095367432,7.400000095367432,4.516953945159912
29-08-2007,7.449999809265137,7.449999809265137,2000,7.449999809265137,7.449999809265137,4.547474384307861
30-08-2007,7.449999809265137,7.449999809265137,0,7.449999809265137,7.449999809265137,4.547474384307861
31-08-2007,7.449999809265137,7.449999809265137,0,7.449999809265137,7.449999809265137,4.547474384307861
04-09-2007,7.5,7.5,6000,7.5,7.5,4.577993869781494
05-09-2007,7.25,7.25,1100,7.25,7.25,4.425394535064697
06-09-2007,7.25,7.25,0,7.25,7.25,4.425394535064697
07-09-2007,7.099999904632568,7.099999904632568,1900,7.099999904632568,7.099999904632568,4.333835124969482
10-09-2007,7.099999904632568,7.099999904632568,0,7.099999904632568,7.099999904632568,4.333835124969482
11-09-2007,7.25,7.25,2300,7.269999980926514,7.25,4.425394535064697
12-09-2007,7.25,7.25,900,7.25,7.25,4.425394535064697
13-09-2007,7.25,7.25,0,7.25,7.25,4.425394535064697
14-09-2007,7.25,7.25,0,7.25,7.25,4.425394535064697
17-09-2007,7.400000095367432,7.400000095367432,100,7.400000095367432,7.400000095367432,4.516953945159912
18-09-2007,7.400000095367432,7.449999809265137,1000,7.449999809265137,7.449999809265137,4.547474384307861
19-09-2007,7.449999809265137,7.449999809265137,0,7.449999809265137,7.449999809265137,4.547474384307861
20-09-2007,7.699999809265137,7.699999809265137,600,7.699999809265137,7.699999809265137,4.700074195861816
21-09-2007,7.599999904632568,7.599999904632568,2300,7.599999904632568,7.599999904632568,4.639034748077393
24-09-2007,7.710000038146973,7.75,300,7.75,7.75,4.730594158172607
25-09-2007,7.579999923706055,7.579999923706055,2200,7.579999923706055,7.579999923706055,4.62682580947876
26-09-2007,7.579999923706055,7.579999923706055,0,7.579999923706055,7.579999923706055,4.62682580947876
27-09-2007,7.5,7.550000190734863,1500,7.550000190734863,7.550000190734863,4.608514785766602
28-09-2007,7.650000095367432,7.650000095367432,1000,7.650000095367432,7.650000095367432,4.669553756713867
01-10-2007,8.0,8.0,300,8.0,8.0,4.8831939697265625
02-10-2007,8.0,8.0,0,8.0,8.0,4.8831939697265625
03-10-2007,8.0,8.0,0,8.0,8.0,4.8831939697265625
04-10-2007,7.900000095367432,7.900000095367432,400,7.900000095367432,7.900000095367432,4.822153568267822
05-10-2007,7.900000095367432,7.900000095367432,0,7.900000095367432,7.900000095367432,4.822153568267822
08-10-2007,7.75,7.75,1200,7.75,7.75,4.730594158172607
09-10-2007,7.75,7.75,0,7.75,7.75,4.730594158172607
10-10-2007,7.75,7.75,3000,7.75,7.75,4.730594158172607
11-10-2007,7.75,7.75,600,7.75,7.75,4.730594158172607
12-10-2007,7.699999809265137,7.699999809265137,1000,7.699999809265137,7.699999809265137,4.700074195861816
15-10-2007,7.699999809265137,7.699999809265137,0,7.699999809265137,7.699999809265137,4.700074195861816
16-10-2007,7.550000190734863,7.550000190734863,2100,7.550000190734863,7.550000190734863,4.608514785766602
17-10-2007,7.5,7.5,400,7.5,7.5,4.577993869781494
18-10-2007,7.599999904632568,7.599999904632568,9300,7.599999904632568,7.599999904632568,4.639034748077393
19-10-2007,7.599999904632568,7.599999904632568,0,7.599999904632568,7.599999904632568,4.639034748077393
22-10-2007,7.599999904632568,7.599999904632568,0,7.599999904632568,7.599999904632568,4.639034748077393
23-10-2007,7.599999904632568,7.599999904632568,0,7.599999904632568,7.599999904632568,4.639034748077393
24-10-2007,7.400000095367432,7.5,4900,7.5,7.5,4.577993869781494
25-10-2007,7.5,7.5,3500,7.5,7.5,4.577993869781494
26-10-2007,7.550000190734863,7.650000095367432,1600,7.650000095367432,7.650000095367432,4.669553756713867
29-10-2007,7.699999809265137,7.699999809265137,2000,7.699999809265137,7.699999809265137,4.700074195861816
30-10-2007,7.75,8.0,1400,8.0,8.0,4.8831939697265625
31-10-2007,7.800000190734863,7.800000190734863,300,7.800000190734863,7.800000190734863,4.761114120483398
01-11-2007,7.800000190734863,7.800000190734863,0,7.800000190734863,7.800000190734863,4.761114120483398
02-11-2007,7.630000114440918,7.630000114440918,1200,7.630000114440918,7.630000114440918,4.657346248626709
05-11-2007,7.5,7.5,1300,7.5,7.5,4.577993869781494
06-11-2007,7.599999904632568,7.599999904632568,700,7.599999904632568,7.599999904632568,4.639034748077393
07-11-2007,7.650000095367432,7.650000095367432,500,7.650000095367432,7.650000095367432,4.669553756713867
08-11-2007,7.5,7.5,1300,7.5,7.5,4.577993869781494
09-11-2007,7.400000095367432,7.400000095367432,1000,7.449999809265137,7.400000095367432,4.516953945159912
12-11-2007,7.5,7.5,800,7.5,7.5,4.577993869781494
13-11-2007,7.849999904632568,7.849999904632568,400,7.849999904632568,7.849999904632568,4.7916340827941895
14-11-2007,7.449999809265137,7.449999809265137,6800,7.619999885559082,7.449999809265137,4.547474384307861
15-11-2007,7.449999809265137,7.449999809265137,0,7.449999809265137,7.449999809265137,4.547474384307861
16-11-2007,7.5,7.5,700,7.5,7.5,4.577993869781494
19-11-2007,7.349999904632568,7.349999904632568,2000,7.400000095367432,7.349999904632568,4.486434459686279
20-11-2007,7.650000095367432,7.650000095367432,99500,7.650000095367432,7.650000095367432,4.669553756713867
21-11-2007,7.650000095367432,7.650000095367432,99500,7.650000095367432,7.650000095367432,4.669553756713867
23-11-2007,7.650000095367432,7.650000095367432,1000,7.650000095367432,7.650000095367432,4.669553756713867
26-11-2007,7.650000095367432,7.650000095367432,0,7.650000095367432,7.650000095367432,4.669553756713867
27-11-2007,7.599999904632568,7.599999904632568,2100,7.599999904632568,7.599999904632568,4.639034748077393
28-11-2007,7.800000190734863,7.800000190734863,200,7.800000190734863,7.800000190734863,4.761114120483398
29-11-2007,7.849999904632568,7.849999904632568,2700,7.909999847412109,7.849999904632568,4.7916340827941895
30-11-2007,7.849999904632568,7.849999904632568,0,7.849999904632568,7.849999904632568,4.7916340827941895
03-12-2007,7.849999904632568,7.849999904632568,200,7.849999904632568,7.849999904632568,4.7916340827941895
04-12-2007,7.849999904632568,7.849999904632568,0,7.849999904632568,7.849999904632568,4.7916340827941895
05-12-2007,8.050000190734863,8.050000190734863,900,8.050000190734863,8.050000190734863,4.913713455200195
06-12-2007,7.900000095367432,7.900000095367432,2400,7.900000095367432,7.900000095367432,4.822153568267822
07-12-2007,7.949999809265137,7.949999809265137,600,7.949999809265137,7.949999809265137,4.8526740074157715
10-12-2007,7.949999809265137,7.949999809265137,0,7.949999809265137,7.949999809265137,4.8526740074157715
11-12-2007,7.75,7.75,9800,8.100000381469727,7.75,4.730594158172607
12-12-2007,7.900000095367432,7.900000095367432,37100,7.900000095367432,7.900000095367432,4.822153568267822
13-12-2007,7.800000190734863,7.800000190734863,2300,7.800000190734863,7.800000190734863,4.761114120483398
14-12-2007,7.75,7.75,4600,7.829999923706055,7.75,4.730594158172607
17-12-2007,7.71999979019165,7.739999771118164,15200,7.739999771118164,7.739999771118164,4.724490165710449
18-12-2007,7.739999771118164,7.739999771118164,0,7.739999771118164,7.739999771118164,4.724490165710449
19-12-2007,7.5,7.5,7600,7.650000095367432,7.5,4.577993869781494
20-12-2007,7.550000190734863,7.699999809265137,3100,7.699999809265137,7.699999809265137,4.700074195861816
21-12-2007,7.449999809265137,7.449999809265137,24000,7.630000114440918,7.449999809265137,4.547474384307861
24-12-2007,7.449999809265137,7.449999809265137,0,7.449999809265137,7.449999809265137,4.547474384307861
26-12-2007,7.599999904632568,7.650000095367432,5600,7.650000095367432,7.650000095367432,4.669553756713867
27-12-2007,7.800000190734863,7.800000190734863,10600,7.800000190734863,7.800000190734863,4.761114120483398
28-12-2007,7.800000190734863,7.900000095367432,6200,7.900000095367432,7.900000095367432,4.822153568267822
31-12-2007,7.900000095367432,7.900000095367432,0,7.900000095367432,7.900000095367432,4.822153568267822
02-01-2008,7.599999904632568,7.75,1900,7.75,7.75,4.730594158172607
03-01-2008,7.690000057220459,7.769999980926514,2000,7.769999980926514,7.769999980926514,4.742802143096924
04-01-2008,7.699999809265137,7.699999809265137,800,7.699999809265137,7.699999809265137,4.700074195861816
07-01-2008,7.650000095367432,7.650000095367432,5600,7.650000095367432,7.650000095367432,4.669553756713867
08-01-2008,7.5,7.5,1100,7.550000190734863,7.5,4.577993869781494
09-01-2008,7.46999979019165,7.46999979019165,3100,7.510000228881836,7.46999979019165,4.5596818923950195
10-01-2008,7.5,7.5,4200,7.5,7.5,4.577993869781494
11-01-2008,7.75,7.75,900,7.75,7.75,4.730594158172607
14-01-2008,7.800000190734863,7.800000190734863,1000,7.849999904632568,7.800000190734863,4.761114120483398
15-01-2008,7.480000019073486,7.5,900,7.570000171661377,7.5,4.577993869781494
16-01-2008,7.349999904632568,7.349999904632568,700,7.349999904632568,7.349999904632568,4.486434459686279
17-01-2008,7.349999904632568,7.349999904632568,600,7.400000095367432,7.349999904632568,4.486434459686279
18-01-2008,7.050000190734863,7.150000095367432,2000,7.150000095367432,7.150000095367432,4.364354610443115
22-01-2008,6.900000095367432,6.900000095367432,2100,7.050000190734863,6.900000095367432,4.211754322052002
23-01-2008,6.650000095367432,6.650000095367432,300,6.650000095367432,6.650000095367432,4.059155464172363
24-01-2008,6.650000095367432,6.650000095367432,0,6.650000095367432,6.650000095367432,4.059155464172363
25-01-2008,6.599999904632568,6.75,13300,6.900000095367432,6.75,4.120195388793945
28-01-2008,6.900000095367432,6.900000095367432,600,6.900000095367432,6.900000095367432,4.211754322052002
29-01-2008,6.900000095367432,6.900000095367432,0,6.900000095367432,6.900000095367432,4.211754322052002
30-01-2008,6.900000095367432,6.949999809265137,3200,6.949999809265137,6.949999809265137,4.242274761199951
31-01-2008,6.980000019073486,6.980000019073486,700,6.980000019073486,6.980000019073486,4.260586261749268
01-02-2008,6.980000019073486,6.980000019073486,0,6.980000019073486,6.980000019073486,4.260586261749268
04-02-2008,7.0,7.03000020980835,7100,7.03000020980835,7.03000020980835,4.291107177734375
05-02-2008,6.599999904632568,6.599999904632568,10100,6.760000228881836,6.599999904632568,4.028635025024414
06-02-2008,6.670000076293945,6.670000076293945,9200,6.670000076293945,6.670000076293945,4.071363925933838
07-02-2008,6.650000095367432,6.650000095367432,12200,6.650000095367432,6.650000095367432,4.059155464172363
08-02-2008,6.420000076293945,6.420000076293945,500,6.420000076293945,6.420000076293945,3.918762445449829
11-02-2008,6.300000190734863,6.300000190734863,700,6.340000152587891,6.300000190734863,3.845516204833984
12-02-2008,6.550000190734863,6.550000190734863,600,6.550000190734863,6.550000190734863,3.998115062713623
13-02-2008,6.599999904632568,6.599999904632568,5100,6.599999904632568,6.599999904632568,4.028635025024414
14-02-2008,6.550000190734863,6.550000190734863,7700,6.550000190734863,6.550000190734863,3.998115062713623
15-02-2008,6.449999809265137,6.449999809265137,800,6.449999809265137,6.449999809265137,3.937074661254883
19-02-2008,6.599999904632568,6.599999904632568,300,6.599999904632568,6.599999904632568,4.028635025024414
20-02-2008,6.5,6.650000095367432,2500,6.650000095367432,6.650000095367432,4.059155464172363
21-02-2008,6.75,6.75,3000,6.769999980926514,6.75,4.120195388793945
22-02-2008,6.400000095367432,6.429999828338623,2000,6.429999828338623,6.429999828338623,3.9248669147491455
25-02-2008,6.5,6.599999904632568,5400,6.599999904632568,6.599999904632568,4.028635025024414
26-02-2008,6.800000190734863,6.849999904632568,4100,6.849999904632568,6.849999904632568,4.181234836578369
27-02-2008,6.900000095367432,6.900000095367432,2800,6.900000095367432,6.900000095367432,4.211754322052002
28-02-2008,6.699999809265137,6.75,11600,6.760000228881836,6.75,4.120195388793945
29-02-2008,6.650000095367432,6.650000095367432,2700,6.650000095367432,6.650000095367432,4.059155464172363
03-03-2008,6.639999866485596,6.639999866485596,800,6.639999866485596,6.639999866485596,4.053050518035889
04-03-2008,6.5,6.5,700,6.5,6.5,3.96759581565857
05-03-2008,6.639999866485596,6.639999866485596,600,6.639999866485596,6.639999866485596,4.053050518035889
06-03-2008,6.5,6.5,500,6.5,6.5,3.96759581565857
07-03-2008,6.480000019073486,6.480000019073486,6700,6.559999942779541,6.480000019073486,3.955386877059937
10-03-2008,6.349999904632568,6.349999904632568,7000,6.400000095367432,6.349999904632568,3.876035213470459
11-03-2008,6.650000095367432,6.650000095367432,4500,6.650000095367432,6.650000095367432,4.059155464172363
12-03-2008,6.800000190734863,6.800000190734863,2100,6.820000171661377,6.800000190734863,4.150714874267578
13-03-2008,6.699999809265137,6.800000190734863,14900,6.800000190734863,6.800000190734863,4.150714874267578
14-03-2008,6.75,6.75,700,6.800000190734863,6.75,4.120195388793945
17-03-2008,6.449999809265137,6.599999904632568,1900,6.650000095367432,6.599999904632568,4.028635025024414
18-03-2008,6.800000190734863,6.900000095367432,2700,6.900000095367432,6.900000095367432,4.211754322052002
19-03-2008,6.5,6.5,1800,6.739999771118164,6.5,3.96759581565857
20-03-2008,6.099999904632568,6.099999904632568,200,6.099999904632568,6.099999904632568,3.723435163497925
24-03-2008,6.599999904632568,6.599999904632568,6000,6.619999885559082,6.599999904632568,4.028635025024414
25-03-2008,6.599999904632568,6.599999904632568,0,6.599999904632568,6.599999904632568,4.028635025024414
26-03-2008,6.849999904632568,6.900000095367432,4900,6.900000095367432,6.900000095367432,4.211754322052002
27-03-2008,7.0,7.0,100,7.0,7.0,4.272794723510742
28-03-2008,6.949999809265137,6.949999809265137,3900,7.0,6.949999809265137,4.242274761199951
31-03-2008,6.949999809265137,6.949999809265137,600,6.949999809265137,6.949999809265137,4.242274761199951
01-04-2008,6.949999809265137,6.949999809265137,0,6.949999809265137,6.949999809265137,4.242274761199951
02-04-2008,6.949999809265137,6.949999809265137,0,6.949999809265137,6.949999809265137,4.242274761199951
03-04-2008,7.300000190734863,7.300000190734863,300,7.300000190734863,7.300000190734863,4.45591402053833
04-04-2008,7.300000190734863,7.300000190734863,0,7.300000190734863,7.300000190734863,4.45591402053833
07-04-2008,7.349999904632568,7.449999809265137,1500,7.449999809265137,7.449999809265137,4.547474384307861
08-04-2008,7.449999809265137,7.449999809265137,2300,7.5,7.449999809265137,4.547474384307861
09-04-2008,7.349999904632568,7.449999809265137,2400,7.449999809265137,7.449999809265137,4.547474384307861
10-04-2008,7.329999923706055,7.329999923706055,5700,7.400000095367432,7.329999923706055,4.474225997924805
11-04-2008,7.199999809265137,7.349999904632568,4500,7.349999904632568,7.349999904632568,4.486434459686279
14-04-2008,7.25,7.25,11700,7.25,7.25,4.425394535064697
15-04-2008,7.25,7.25,400,7.25,7.25,4.425394535064697
16-04-2008,7.5,7.5,5400,7.5,7.5,4.577993869781494
17-04-2008,7.559999942779541,7.559999942779541,600,7.559999942779541,7.559999942779541,4.614618301391602
18-04-2008,7.550000190734863,7.550000190734863,300,7.550000190734863,7.550000190734863,4.608514785766602
21-04-2008,7.599999904632568,7.599999904632568,5100,7.599999904632568,7.599999904632568,4.639034748077393
22-04-2008,7.5,7.5,1500,7.5,7.5,4.577993869781494
23-04-2008,7.400000095367432,7.5,5700,7.5,7.5,4.577993869781494
24-04-2008,7.460000038146973,7.460000038146973,600,7.460000038146973,7.460000038146973,4.553578853607178
25-04-2008,7.5,7.5,1700,7.5,7.5,4.577993869781494
28-04-2008,7.349999904632568,7.349999904632568,400,7.349999904632568,7.349999904632568,4.486434459686279
29-04-2008,7.46999979019165,7.46999979019165,500,7.46999979019165,7.46999979019165,4.5596818923950195
30-04-2008,7.440000057220459,7.440000057220459,200,7.440000057220459,7.440000057220459,4.541369915008545
01-05-2008,7.300000190734863,7.300000190734863,500,7.400000095367432,7.300000190734863,4.45591402053833
02-05-2008,7.400000095367432,7.400000095367432,7700,7.400000095367432,7.400000095367432,4.516953945159912
05-05-2008,7.400000095367432,7.400000095367432,0,7.400000095367432,7.400000095367432,4.516953945159912
06-05-2008,7.380000114440918,7.380000114440918,3300,7.380000114440918,7.380000114440918,4.504746437072754
07-05-2008,7.25,7.25,2300,7.380000114440918,7.25,4.425394535064697
08-05-2008,7.050000190734863,7.050000190734863,2900,7.050000190734863,7.050000190734863,4.303314208984375
09-05-2008,7.050000190734863,7.050000190734863,0,7.050000190734863,7.050000190734863,4.303314208984375
12-05-2008,6.900000095367432,6.900000095367432,300,6.900000095367432,6.900000095367432,4.211754322052002
13-05-2008,6.900000095367432,6.900000095367432,0,6.900000095367432,6.900000095367432,4.211754322052002
14-05-2008,7.050000190734863,7.159999847412109,8100,7.159999847412109,7.159999847412109,4.370458602905273
15-05-2008,7.099999904632568,7.300000190734863,900,7.300000190734863,7.300000190734863,4.45591402053833
16-05-2008,7.199999809265137,7.199999809265137,1200,7.199999809265137,7.199999809265137,4.394874095916748
19-05-2008,7.199999809265137,7.199999809265137,0,7.199999809265137,7.199999809265137,4.394874095916748
20-05-2008,6.5,6.550000190734863,600,6.550000190734863,6.550000190734863,3.998115062713623
21-05-2008,6.449999809265137,6.449999809265137,34500,6.579999923706055,6.449999809265137,3.937074661254883
22-05-2008,6.449999809265137,6.5,7500,6.5,6.5,3.96759581565857
23-05-2008,6.449999809265137,6.449999809265137,300,6.449999809265137,6.449999809265137,3.937074661254883
27-05-2008,6.5,6.5,1800,6.599999904632568,6.5,3.96759581565857
28-05-2008,6.400000095367432,6.400000095367432,1100,6.400000095367432,6.400000095367432,3.906554937362671
29-05-2008,6.349999904632568,6.349999904632568,300,6.349999904632568,6.349999904632568,3.876035213470459
30-05-2008,6.5,6.5,1400,6.5,6.5,3.96759581565857
02-06-2008,6.349999904632568,6.349999904632568,800,6.360000133514404,6.349999904632568,3.876035213470459
03-06-2008,6.320000171661377,6.320000171661377,1300,6.320000171661377,6.320000171661377,3.857723474502563
04-06-2008,6.300000190734863,6.300000190734863,1300,6.300000190734863,6.300000190734863,3.845516204833984
05-06-2008,6.199999809265137,6.199999809265137,0,6.25,6.199999809265137,3.7844743728637695
06-06-2008,6.050000190734863,6.179999828338623,1600,6.25,6.179999828338623,3.7722675800323486
09-06-2008,5.949999809265137,5.949999809265137,2200,5.949999809265137,5.949999809265137,3.631876230239868
10-06-2008,6.0,6.0,2500,6.0,6.0,3.6623952388763423
11-06-2008,5.800000190734863,5.800000190734863,800,5.800000190734863,5.800000190734863,3.540315866470337
12-06-2008,5.849999904632568,5.929999828338623,3100,6.0,5.929999828338623,3.6196672916412354
13-06-2008,5.800000190734863,5.800000190734863,5100,5.949999809265137,5.800000190734863,3.540315866470337
16-06-2008,5.800000190734863,5.800000190734863,0,5.800000190734863,5.800000190734863,3.540315866470337
17-06-2008,5.800000190734863,5.800000190734863,0,5.800000190734863,5.800000190734863,3.540315866470337
18-06-2008,5.699999809265137,5.739999771118164,54400,5.739999771118164,5.739999771118164,3.5036919116973877
19-06-2008,5.739999771118164,5.739999771118164,2400,5.739999771118164,5.739999771118164,3.5036919116973877
20-06-2008,5.599999904632568,5.599999904632568,1900,5.71999979019165,5.599999904632568,3.418235540390014
23-06-2008,5.599999904632568,5.599999904632568,0,5.599999904632568,5.599999904632568,3.418235540390014
24-06-2008,5.550000190734863,5.550000190734863,6200,5.559999942779541,5.550000190734863,3.3877155780792236
25-06-2008,5.75,5.75,3900,5.75,5.75,3.5097951889038086
26-06-2008,5.650000095367432,5.650000095367432,7800,5.900000095367432,5.650000095367432,3.448755979537964
27-06-2008,5.599999904632568,5.599999904632568,8100,5.599999904632568,5.599999904632568,3.418235540390014
30-06-2008,5.599999904632568,5.71999979019165,1400,5.71999979019165,5.71999979019165,3.491483449935913
01-07-2008,5.599999904632568,5.599999904632568,2300,5.650000095367432,5.599999904632568,3.418235540390014
02-07-2008,5.800000190734863,5.800000190734863,500,5.800000190734863,5.800000190734863,3.540315866470337
03-07-2008,5.769999980926514,5.849999904632568,5700,5.849999904632568,5.849999904632568,3.57083511352539
07-07-2008,5.650000095367432,5.670000076293945,4200,5.699999809265137,5.670000076293945,3.4609644412994385
08-07-2008,5.550000190734863,5.599999904632568,1400,5.599999904632568,5.599999904632568,3.418235540390014
09-07-2008,5.699999809265137,5.699999809265137,2200,5.699999809265137,5.699999809265137,3.479275941848755
10-07-2008,5.75,5.75,800,5.75,5.75,3.5097951889038086
11-07-2008,5.5,5.5,2800,5.5,5.5,3.357196092605591
14-07-2008,5.5,5.5,500,5.5,5.5,3.357196092605591
15-07-2008,5.5,5.5,0,5.5,5.5,3.357196092605591
16-07-2008,5.5,5.5,0,5.5,5.5,3.357196092605591
17-07-2008,5.400000095367432,5.400000095367432,300,5.400000095367432,5.400000095367432,3.296156167984009
18-07-2008,5.449999809265137,5.449999809265137,300,5.449999809265137,5.449999809265137,3.3266761302948
21-07-2008,5.400000095367432,5.449999809265137,2100,5.449999809265137,5.449999809265137,3.3266761302948
22-07-2008,5.300000190734863,5.5,8100,5.5,5.5,3.357196092605591
23-07-2008,5.599999904632568,5.599999904632568,2300,5.599999904632568,5.599999904632568,3.418235540390014
24-07-2008,5.699999809265137,5.699999809265137,1000,5.840000152587891,5.699999809265137,3.479275941848755
25-07-2008,5.650000095367432,5.699999809265137,5900,5.699999809265137,5.699999809265137,3.479275941848755
28-07-2008,5.599999904632568,5.599999904632568,2200,5.599999904632568,5.599999904632568,3.418235540390014
29-07-2008,5.550000190734863,5.699999809265137,1100,5.699999809265137,5.699999809265137,3.479275941848755
30-07-2008,5.550000190734863,5.550000190734863,500,5.550000190734863,5.550000190734863,3.3877155780792236
31-07-2008,5.599999904632568,5.599999904632568,600,5.75,5.599999904632568,3.418235540390014
01-08-2008,5.550000190734863,5.550000190734863,700,5.650000095367432,5.550000190734863,3.3877155780792236
04-08-2008,5.5,5.550000190734863,1900,5.550000190734863,5.550000190734863,3.3877155780792236
05-08-2008,5.800000190734863,6.0,1300,6.0,6.0,3.6623952388763423
06-08-2008,5.849999904632568,5.900000095367432,3100,5.900000095367432,5.900000095367432,3.6013550758361816
07-08-2008,5.900000095367432,5.900000095367432,0,5.900000095367432,5.900000095367432,3.6013550758361816
08-08-2008,5.699999809265137,5.699999809265137,800,5.699999809265137,5.699999809265137,3.479275941848755
11-08-2008,5.800000190734863,5.849999904632568,2500,5.849999904632568,5.849999904632568,3.57083511352539
12-08-2008,5.849999904632568,5.849999904632568,0,5.849999904632568,5.849999904632568,3.57083511352539
13-08-2008,5.849999904632568,5.849999904632568,0,5.849999904632568,5.849999904632568,3.57083511352539
14-08-2008,5.559999942779541,5.559999942779541,2000,5.650000095367432,5.559999942779541,3.393819808959961
15-08-2008,5.559999942779541,5.559999942779541,0,5.559999942779541,5.559999942779541,3.393819808959961
18-08-2008,5.559999942779541,5.559999942779541,0,5.559999942779541,5.559999942779541,3.393819808959961
19-08-2008,5.25,5.25,300,5.25,5.25,3.2045960426330566
20-08-2008,5.150000095367432,5.150000095367432,3100,5.300000190734863,5.150000095367432,3.1435561180114746
21-08-2008,5.0,5.0,3400,5.199999809265137,5.0,3.0519962310791016
22-08-2008,5.050000190734863,5.25,2200,5.25,5.25,3.2045960426330566
25-08-2008,4.949999809265137,4.949999809265137,3100,5.099999904632568,4.949999809265137,3.021476030349731
26-08-2008,4.949999809265137,5.050000190734863,2100,5.150000095367432,5.050000190734863,3.0825161933898926
27-08-2008,4.900000095367432,5.0,6500,5.0,5.0,3.0519962310791016
28-08-2008,5.25,5.300000190734863,1600,5.300000190734863,5.300000190734863,3.235115766525269
29-08-2008,5.300000190734863,5.300000190734863,800,5.300000190734863,5.300000190734863,3.235115766525269
02-09-2008,5.550000190734863,5.550000190734863,19600,5.550000190734863,5.550000190734863,3.3877155780792236
03-09-2008,5.630000114440918,5.630000114440918,1200,5.630000114440918,5.630000114440918,3.4365477561950684
04-09-2008,5.25,5.300000190734863,38300,5.550000190734863,5.300000190734863,3.235115766525269
05-09-2008,5.199999809265137,5.199999809265137,7900,5.289999961853027,5.199999809265137,3.1740763187408447
08-09-2008,5.400000095367432,5.400000095367432,3200,5.5,5.400000095367432,3.296156167984009
09-09-2008,5.400000095367432,5.400000095367432,3100,5.599999904632568,5.400000095367432,3.296156167984009
10-09-2008,5.349999904632568,5.400000095367432,3300,5.400000095367432,5.400000095367432,3.296156167984009
11-09-2008,5.150000095367432,5.150000095367432,700,5.300000190734863,5.150000095367432,3.1435561180114746
12-09-2008,5.449999809265137,5.449999809265137,900,5.449999809265137,5.449999809265137,3.3266761302948
15-09-2008,5.300000190734863,5.300000190734863,1400,5.300000190734863,5.300000190734863,3.235115766525269
16-09-2008,4.949999809265137,4.949999809265137,800,5.0,4.949999809265137,3.021476030349731
17-09-2008,4.75,4.849999904632568,21700,4.909999847412109,4.849999904632568,2.9604361057281494
18-09-2008,4.849999904632568,4.849999904632568,1400,4.849999904632568,4.849999904632568,2.9604361057281494
19-09-2008,5.599999904632568,5.650000095367432,4800,5.75,5.650000095367432,3.448755979537964
22-09-2008,5.550000190734863,5.599999904632568,16700,5.699999809265137,5.599999904632568,3.418235540390014
23-09-2008,5.449999809265137,5.5,1800,5.5,5.5,3.357196092605591
24-09-2008,5.550000190734863,5.550000190734863,2800,5.599999904632568,5.550000190734863,3.3877155780792236
25-09-2008,4.75,5.800000190734863,2600,5.800000190734863,5.800000190734863,3.540315866470337
26-09-2008,5.0,5.0,3600,5.800000190734863,5.0,3.0519962310791016
29-09-2008,5.0,5.0,0,5.0,5.0,3.0519962310791016
30-09-2008,5.25,5.25,3300,5.300000190734863,5.25,3.2045960426330566
01-10-2008,5.099999904632568,5.099999904632568,6200,5.349999904632568,5.099999904632568,3.1130361557006836
02-10-2008,5.170000076293945,5.170000076293945,4100,5.170000076293945,5.170000076293945,3.155764102935791
03-10-2008,5.349999904632568,5.349999904632568,800,5.349999904632568,5.349999904632568,3.2656354904174805
06-10-2008,4.0,4.0,4700,4.550000190734863,4.0,2.4415969848632812
07-10-2008,4.5,4.5,4600,4.75,4.5,2.7467966079711914
08-10-2008,4.0,4.25,7400,4.25,4.25,2.5941967964172363
09-10-2008,3.950000047683716,4.0,12400,4.269999980926514,4.0,2.4415969848632812
10-10-2008,3.4000000953674316,3.4000000953674316,77100,3.5,3.4000000953674316,2.075357437133789
13-10-2008,4.199999809265137,4.349999904632568,8300,4.409999847412109,4.349999904632568,2.6552367210388184
14-10-2008,4.400000095367432,4.5,15200,4.5,4.5,2.7467966079711914
15-10-2008,4.349999904632568,4.349999904632568,16500,4.400000095367432,4.349999904632568,2.6552367210388184
16-10-2008,3.700000047683716,3.700000047683716,12600,4.099999904632568,3.700000047683716,2.258476972579956
17-10-2008,3.900000095367432,3.900000095367432,2400,4.0,3.900000095367432,2.380557060241699
20-10-2008,3.900000095367432,3.900000095367432,0,3.900000095367432,3.900000095367432,2.380557060241699
21-10-2008,4.010000228881836,4.010000228881836,700,4.010000228881836,4.010000228881836,2.4477014541625977
22-10-2008,3.700000047683716,4.199999809265137,5900,4.199999809265137,4.199999809265137,2.563676595687866
23-10-2008,3.700000047683716,3.700000047683716,16600,3.700000047683716,3.700000047683716,2.258476972579956
24-10-2008,3.700000047683716,3.700000047683716,0,3.700000047683716,3.700000047683716,2.258476972579956
27-10-2008,2.8499999046325684,3.049999952316284,11500,3.049999952316284,2.930000066757202,1.7884700298309326
28-10-2008,2.799999952316284,2.799999952316284,6500,2.8499999046325684,2.8499999046325684,1.7396379709243774
29-10-2008,3.25,3.25,10000,3.25,3.25,1.983797907829285
30-10-2008,3.5899999141693115,3.5899999141693115,900,3.5899999141693115,3.5899999141693115,2.191333293914795
31-10-2008,3.5,3.700000047683716,2200,3.700000047683716,3.5,2.136397361755371
03-11-2008,3.5999999046325684,3.5999999046325684,1200,3.5999999046325684,3.5999999046325684,2.197437047958374
04-11-2008,3.5,3.869999885559082,2400,4.0,3.5,2.136397361755371
05-11-2008,3.849999904632568,3.849999904632568,4400,3.900000095367432,3.849999904632568,2.350037097930908
06-11-2008,3.650000095367432,3.849999904632568,8200,3.849999904632568,3.650000095367432,2.227957010269165
07-11-2008,3.650000095367432,3.650000095367432,0,3.650000095367432,3.650000095367432,2.227957010269165
10-11-2008,3.700000047683716,3.700000047683716,2000,3.7799999713897705,3.7799999713897705,2.307309150695801
11-11-2008,3.0,3.1600000858306885,3600,3.1600000858306885,3.049999952316284,1.8617175817489624
12-11-2008,3.049999952316284,3.049999952316284,400,3.049999952316284,3.049999952316284,1.8617175817489624
13-11-2008,2.9000000953674316,2.930000066757202,1300,2.930000066757202,2.9000000953674316,1.7701579332351685
14-11-2008,3.0,3.0,4900,3.0,3.0,1.8311976194381712
17-11-2008,2.700000047683716,2.799999952316284,3700,2.799999952316284,2.700000047683716,1.6480780839920044
18-11-2008,2.700000047683716,2.700000047683716,0,2.700000047683716,2.700000047683716,1.6480780839920044
19-11-2008,2.549999952316284,2.549999952316284,83600,2.6500000953674316,2.549999952316284,1.5565180778503418
20-11-2008,2.609999895095825,2.609999895095825,4200,2.680000066757202,2.680000066757202,1.6358699798583984
21-11-2008,2.680000066757202,2.680000066757202,0,2.680000066757202,2.680000066757202,1.6358699798583984
24-11-2008,2.9000000953674316,2.9000000953674316,10700,3.049999952316284,3.0,1.8311976194381712
25-11-2008,2.8499999046325684,3.0,12600,3.200000047683716,3.200000047683716,1.9532774686813352
26-11-2008,3.0,3.0,23300,3.200000047683716,3.049999952316284,1.8617175817489624
28-11-2008,3.049999952316284,3.049999952316284,3600,3.049999952316284,3.049999952316284,1.8617175817489624
01-12-2008,2.6500000953674316,2.6500000953674316,900,2.6500000953674316,2.6500000953674316,1.6175578832626345
02-12-2008,2.799999952316284,2.799999952316284,400,2.799999952316284,2.799999952316284,1.709117770195007
03-12-2008,2.75,2.8499999046325684,4200,2.8499999046325684,2.75,1.6785980463027954
04-12-2008,2.75,2.75,800,2.75,2.75,1.6785980463027954
05-12-2008,3.0,3.0,4000,3.0,3.0,1.8311976194381712
08-12-2008,2.9000000953674316,2.9000000953674316,1400,3.1500000953674316,3.1500000953674316,1.922758102416992
09-12-2008,2.950000047683716,3.0,10600,3.049999952316284,2.950000047683716,1.8006775379180908
10-12-2008,2.950000047683716,2.950000047683716,1900,3.049999952316284,3.049999952316284,1.8617175817489624
11-12-2008,3.0,3.049999952316284,2900,3.049999952316284,3.0,1.8311976194381712
12-12-2008,2.9000000953674316,2.9000000953674316,9000,2.930000066757202,2.930000066757202,1.7884700298309326
15-12-2008,2.8499999046325684,3.049999952316284,6200,3.049999952316284,2.9000000953674316,1.7701579332351685
16-12-2008,2.9000000953674316,2.9000000953674316,0,2.9000000953674316,2.9000000953674316,1.7701579332351685
17-12-2008,3.299999952316284,3.299999952316284,2300,3.299999952316284,3.299999952316284,2.014317512512207
18-12-2008,3.299999952316284,3.4000000953674316,2600,3.4000000953674316,3.299999952316284,2.014317512512207
19-12-2008,3.3499999046325684,3.380000114440918,700,3.380000114440918,3.3499999046325684,2.044837474822998
22-12-2008,3.4000000953674316,3.4000000953674316,7500,3.549999952316284,3.549999952316284,2.166917562484741
23-12-2008,3.299999952316284,3.450000047683716,4300,3.450000047683716,3.450000047683716,2.105877161026001
24-12-2008,3.4000000953674316,3.4000000953674316,2800,3.450000047683716,3.450000047683716,2.105877161026001
26-12-2008,3.450000047683716,3.450000047683716,700,3.450000047683716,3.450000047683716,2.105877161026001
29-12-2008,3.5,3.5,1600,3.559999942779541,3.5,2.136397361755371
30-12-2008,3.4000000953674316,3.4000000953674316,3900,3.4200000762939453,3.4200000762939453,2.087565660476685
31-12-2008,3.4200000762939453,3.4200000762939453,0,3.4200000762939453,3.4200000762939453,2.087565660476685
02-01-2009,3.450000047683716,3.450000047683716,1500,3.450000047683716,3.450000047683716,2.105877161026001
05-01-2009,3.450000047683716,3.450000047683716,10600,3.450000047683716,3.450000047683716,2.105877161026001
06-01-2009,3.5999999046325684,3.75,2500,3.75,3.5999999046325684,2.197437047958374
07-01-2009,3.5999999046325684,3.700000047683716,3300,3.700000047683716,3.5999999046325684,2.197437047958374
08-01-2009,3.5999999046325684,3.5999999046325684,0,3.5999999046325684,3.5999999046325684,2.197437047958374
09-01-2009,3.5999999046325684,3.5999999046325684,0,3.5999999046325684,3.5999999046325684,2.197437047958374
12-01-2009,3.5,3.5999999046325684,6200,3.650000095367432,3.650000095367432,2.227957010269165
13-01-2009,3.650000095367432,3.650000095367432,0,3.650000095367432,3.650000095367432,2.227957010269165
14-01-2009,3.650000095367432,3.650000095367432,0,3.650000095367432,3.650000095367432,2.227957010269165
15-01-2009,3.0,3.0,1200,3.0999999046325684,3.0999999046325684,1.8922371864318848
16-01-2009,3.0999999046325684,3.0999999046325684,0,3.0999999046325684,3.0999999046325684,1.8922371864318848
20-01-2009,2.799999952316284,2.799999952316284,10900,3.0,2.869999885559082,1.7518459558486938
21-01-2009,2.880000114440918,2.9000000953674316,2300,2.9000000953674316,2.880000114440918,1.7579498291015625
22-01-2009,2.700000047683716,2.740000009536743,800,2.740000009536743,2.700000047683716,1.6480780839920044
23-01-2009,2.700000047683716,2.950000047683716,2500,2.950000047683716,2.700000047683716,1.6480780839920044
26-01-2009,3.0,3.0,11000,3.0,3.0,1.8311976194381712
27-01-2009,3.0,3.0,0,3.0,3.0,1.8311976194381712
28-01-2009,3.1500000953674316,3.1500000953674316,6500,3.299999952316284,3.25,1.983797907829285
29-01-2009,3.1500000953674316,3.1500000953674316,4100,3.1500000953674316,3.1500000953674316,1.922758102416992
30-01-2009,3.049999952316284,3.0999999046325684,2400,3.0999999046325684,3.0999999046325684,1.8922371864318848
02-02-2009,2.75,2.75,1700,2.9000000953674316,2.9000000953674316,1.7701579332351685
03-02-2009,2.950000047683716,2.950000047683716,2300,3.0,3.0,1.8311976194381712
04-02-2009,2.9000000953674316,2.990000009536743,4100,2.990000009536743,2.9000000953674316,1.7701579332351685
05-02-2009,2.8499999046325684,2.8499999046325684,2400,2.8499999046325684,2.8499999046325684,1.7396379709243774
06-02-2009,2.8499999046325684,2.8499999046325684,0,2.8499999046325684,2.8499999046325684,1.7396379709243774
09-02-2009,2.8499999046325684,2.8499999046325684,0,2.8499999046325684,2.8499999046325684,1.7396379709243774
10-02-2009,3.1500000953674316,3.1500000953674316,5300,3.190000057220459,3.190000057220459,1.9471733570098877
11-02-2009,3.0199999809265137,3.0199999809265137,1900,3.0199999809265137,3.0199999809265137,1.843405604362488
12-02-2009,2.7799999713897705,2.7799999713897705,1500,2.7799999713897705,2.7799999713897705,1.6969099044799805
13-02-2009,3.049999952316284,3.049999952316284,1100,3.049999952316284,3.049999952316284,1.8617175817489624
17-02-2009,3.049999952316284,3.049999952316284,0,3.049999952316284,3.049999952316284,1.8617175817489624
18-02-2009,2.5999999046325684,2.5999999046325684,2700,2.5999999046325684,2.5999999046325684,1.5870381593704224
19-02-2009,2.5799999237060547,2.5999999046325684,800,2.5999999046325684,2.5799999237060547,1.5748299360275269
20-02-2009,2.0,2.3499999046325684,3700,2.3499999046325684,2.299999952316284,1.4039183855056765
23-02-2009,2.140000104904175,2.1500000953674316,4400,2.1500000953674316,2.140000104904175,1.3062543869018557
24-02-2009,2.0799999237060547,2.0799999237060547,10800,2.3499999046325684,2.319999933242798,1.4161262512207031
25-02-2009,2.299999952316284,2.299999952316284,7800,2.299999952316284,2.299999952316284,1.4039183855056765
26-02-2009,2.299999952316284,2.299999952316284,0,2.299999952316284,2.299999952316284,1.4039183855056765
27-02-2009,2.299999952316284,2.3499999046325684,34600,2.3499999046325684,2.3499999046325684,1.4344379901885986
02-03-2009,2.200000047683716,2.200000047683716,3600,2.200000047683716,2.200000047683716,1.3428781032562256
03-03-2009,2.049999952316284,2.1500000953674316,9300,2.180000066757202,2.0999999046325684,1.281838297843933
04-03-2009,2.049999952316284,2.0999999046325684,3800,2.0999999046325684,2.049999952316284,1.251318335533142
05-03-2009,1.899999976158142,2.0,13800,2.0,1.899999976158142,1.159758687019348
06-03-2009,1.7000000476837158,1.7000000476837158,10100,1.7799999713897705,1.7000000476837158,1.0376787185668943
09-03-2009,1.6799999475479126,1.6799999475479126,2500,1.830000042915344,1.690000057220459,1.0315747261047363
10-03-2009,1.899999976158142,1.950000047683716,18300,2.0299999713897705,1.899999976158142,1.159758687019348
11-03-2009,2.009999990463257,2.1500000953674316,5300,2.1500000953674316,2.0999999046325684,1.281838297843933
12-03-2009,2.0999999046325684,2.0999999046325684,7600,2.1500000953674316,2.1500000953674316,1.3123586177825928
13-03-2009,2.0999999046325684,2.25,9000,2.25,2.119999885559082,1.29404616355896
16-03-2009,2.299999952316284,2.299999952316284,3200,2.299999952316284,2.299999952316284,1.4039183855056765
17-03-2009,2.299999952316284,2.299999952316284,0,2.299999952316284,2.299999952316284,1.4039183855056765
18-03-2009,2.359999895095825,2.359999895095825,2600,2.490000009536743,2.450000047683716,1.495478272438049
19-03-2009,2.4600000381469727,2.549999952316284,1200,2.549999952316284,2.4600000381469727,1.501582145690918
20-03-2009,2.4600000381469727,2.4600000381469727,0,2.4600000381469727,2.4600000381469727,1.501582145690918
23-03-2009,2.700000047683716,2.700000047683716,14900,2.7300000190734863,2.7300000190734863,1.6663901805877686
24-03-2009,2.7300000190734863,2.7300000190734863,0,2.7300000190734863,2.7300000190734863,1.6663901805877686
25-03-2009,2.7300000190734863,2.7300000190734863,0,2.7300000190734863,2.7300000190734863,1.6663901805877686
26-03-2009,2.7300000190734863,2.7300000190734863,0,2.7300000190734863,2.7300000190734863,1.6663901805877686
27-03-2009,2.5999999046325684,2.5999999046325684,2700,2.8499999046325684,2.8499999046325684,1.7396379709243774
30-03-2009,2.8499999046325684,2.8499999046325684,0,2.8499999046325684,2.8499999046325684,1.7396379709243774
31-03-2009,2.5,2.5,5300,2.5,2.5,1.5259981155395508
01-04-2009,2.6500000953674316,2.6500000953674316,5700,2.6700000762939453,2.6700000762939453,1.6297657489776611
02-04-2009,2.7799999713897705,2.7799999713897705,2500,2.799999952316284,2.799999952316284,1.709117770195007
03-04-2009,2.799999952316284,2.799999952316284,2000,2.8499999046325684,2.8499999046325684,1.7396379709243774
06-04-2009,2.7300000190734863,2.7300000190734863,400,2.7300000190734863,2.7300000190734863,1.6663901805877686
07-04-2009,2.5999999046325684,2.5999999046325684,20300,2.700000047683716,2.700000047683716,1.6480780839920044
08-04-2009,2.700000047683716,2.700000047683716,3300,2.75,2.75,1.6785980463027954
09-04-2009,2.75,2.75,0,2.75,2.75,1.6785980463027954
13-04-2009,2.9000000953674316,2.9000000953674316,2200,2.9200000762939453,2.9200000762939453,1.7823660373687744
14-04-2009,3.009999990463257,3.009999990463257,13200,3.0299999713897705,3.0299999713897705,1.849509596824646
15-04-2009,2.950000047683716,2.950000047683716,1200,2.950000047683716,2.950000047683716,1.8006775379180908
16-04-2009,3.049999952316284,3.049999952316284,3600,3.069999933242798,3.069999933242798,1.8739256858825684
17-04-2009,3.069999933242798,3.069999933242798,0,3.069999933242798,3.069999933242798,1.8739256858825684
20-04-2009,2.799999952316284,2.799999952316284,600,2.799999952316284,2.799999952316284,1.709117770195007
21-04-2009,2.799999952316284,2.799999952316284,800,2.799999952316284,2.799999952316284,1.709117770195007
22-04-2009,2.9000000953674316,2.9000000953674316,900,2.9000000953674316,2.9000000953674316,1.7701579332351685
23-04-2009,2.8499999046325684,2.869999885559082,2700,2.869999885559082,2.8499999046325684,1.7396379709243774
24-04-2009,2.940000057220459,2.940000057220459,3000,2.950000047683716,2.950000047683716,1.8006775379180908
27-04-2009,2.9000000953674316,2.9000000953674316,300,2.9000000953674316,2.9000000953674316,1.7701579332351685
28-04-2009,2.930000066757202,2.930000066757202,600,2.930000066757202,2.930000066757202,1.7884700298309326
29-04-2009,2.930000066757202,2.930000066757202,0,2.930000066757202,2.930000066757202,1.7884700298309326
30-04-2009,3.0999999046325684,3.0999999046325684,400,3.0999999046325684,3.0999999046325684,1.8922371864318848
01-05-2009,3.0999999046325684,3.0999999046325684,1800,3.0999999046325684,3.0999999046325684,1.8922371864318848
04-05-2009,3.200000047683716,3.200000047683716,1800,3.200000047683716,3.200000047683716,1.9532774686813352
05-05-2009,3.1500000953674316,3.1500000953674316,4100,3.2799999713897705,3.240000009536743,1.9776934385299685
06-05-2009,3.3399999141693115,3.3399999141693115,7900,3.3399999141693115,3.3399999141693115,2.038733720779419
07-05-2009,3.25,3.25,600,3.25,3.25,1.983797907829285
08-05-2009,3.4000000953674316,3.4000000953674316,700,3.4000000953674316,3.4000000953674316,2.075357437133789
11-05-2009,3.4000000953674316,3.4000000953674316,1100,3.4000000953674316,3.4000000953674316,2.075357437133789
12-05-2009,3.3499999046325684,3.3499999046325684,1000,3.3499999046325684,3.3499999046325684,2.044837474822998
13-05-2009,3.3499999046325684,3.3499999046325684,0,3.3499999046325684,3.3499999046325684,2.044837474822998
14-05-2009,2.9700000286102295,3.0999999046325684,2200,3.0999999046325684,2.9700000286102295,1.8128856420516968
15-05-2009,3.200000047683716,3.25,1200,3.25,3.200000047683716,1.9532774686813352
18-05-2009,3.4000000953674316,3.4000000953674316,3300,3.4000000953674316,3.4000000953674316,2.075357437133789
19-05-2009,3.450000047683716,3.5,2600,3.5,3.450000047683716,2.105877161026001
20-05-2009,3.509999990463257,3.509999990463257,14200,3.509999990463257,3.509999990463257,2.14250111579895
21-05-2009,3.5,3.5,1900,3.5,3.5,2.136397361755371
22-05-2009,3.549999952316284,3.549999952316284,6400,3.549999952316284,3.549999952316284,2.166917562484741
26-05-2009,3.549999952316284,3.559999942779541,1100,3.559999942779541,3.549999952316284,2.166917562484741
27-05-2009,3.450000047683716,3.609999895095825,1500,3.609999895095825,3.450000047683716,2.105877161026001
28-05-2009,3.450000047683716,3.450000047683716,4900,3.4700000286102295,3.4700000286102295,2.1180853843688965
29-05-2009,3.450000047683716,3.450000047683716,3800,3.450000047683716,3.450000047683716,2.105877161026001
01-06-2009,3.650000095367432,3.690000057220459,6000,3.700000047683716,3.650000095367432,2.227957010269165
02-06-2009,3.5999999046325684,3.5999999046325684,10400,3.630000114440918,3.5999999046325684,2.197437047958374
03-06-2009,3.4000000953674316,3.450000047683716,5200,3.450000047683716,3.4000000953674316,2.075357437133789
04-06-2009,3.450000047683716,3.5,800,3.5,3.450000047683716,2.105877161026001
05-06-2009,3.4000000953674316,3.4000000953674316,700,3.4000000953674316,3.4000000953674316,2.075357437133789
08-06-2009,3.4000000953674316,3.4000000953674316,0,3.4000000953674316,3.4000000953674316,2.075357437133789
09-06-2009,3.299999952316284,3.380000114440918,2100,3.4700000286102295,3.299999952316284,2.014317512512207
10-06-2009,3.450000047683716,3.450000047683716,1200,3.450000047683716,3.450000047683716,2.105877161026001
11-06-2009,3.4700000286102295,3.4700000286102295,1800,3.5,3.5,2.136397361755371
12-06-2009,3.4000000953674316,3.4000000953674316,600,3.4000000953674316,3.4000000953674316,2.075357437133789
15-06-2009,3.299999952316284,3.299999952316284,700,3.299999952316284,3.299999952316284,2.014317512512207
16-06-2009,3.1600000858306885,3.1600000858306885,1100,3.1600000858306885,3.1600000858306885,1.9288617372512815
17-06-2009,3.0199999809265137,3.0199999809265137,900,3.0999999046325684,3.0999999046325684,1.8922371864318848
18-06-2009,3.200000047683716,3.200000047683716,900,3.200000047683716,3.200000047683716,1.9532774686813352
19-06-2009,3.200000047683716,3.200000047683716,0,3.200000047683716,3.200000047683716,1.9532774686813352
22-06-2009,3.049999952316284,3.180000066757202,6800,3.180000066757202,3.049999952316284,1.8617175817489624
23-06-2009,3.0,3.0,18100,3.0999999046325684,3.0999999046325684,1.8922371864318848
24-06-2009,3.1500000953674316,3.1500000953674316,5300,3.1500000953674316,3.1500000953674316,1.922758102416992
25-06-2009,3.069999933242798,3.0999999046325684,3200,3.0999999046325684,3.0999999046325684,1.8922371864318848
26-06-2009,3.1500000953674316,3.2100000381469727,75000,3.2100000381469727,3.1500000953674316,1.922758102416992
29-06-2009,3.200000047683716,3.200000047683716,13300,3.200000047683716,3.200000047683716,1.9532774686813352
30-06-2009,3.200000047683716,3.200000047683716,0,3.200000047683716,3.200000047683716,1.9532774686813352
01-07-2009,3.25,3.25,7200,3.25,3.25,1.983797907829285
02-07-2009,3.0799999237060547,3.0799999237060547,9200,3.0799999237060547,3.0799999237060547,1.8800296783447263
06-07-2009,3.049999952316284,3.049999952316284,2100,3.049999952316284,3.049999952316284,1.8617175817489624
07-07-2009,3.0,3.0299999713897705,8200,3.069999933242798,3.0,1.8311976194381712
08-07-2009,2.8499999046325684,2.8499999046325684,900,2.8499999046325684,2.8499999046325684,1.7396379709243774
09-07-2009,3.0,3.0299999713897705,1600,3.0299999713897705,3.0,1.8311976194381712
10-07-2009,2.950000047683716,2.950000047683716,48000,2.950000047683716,2.950000047683716,1.8006775379180908
13-07-2009,3.0199999809265137,3.0199999809265137,600,3.0199999809265137,3.0199999809265137,1.843405604362488
14-07-2009,3.0199999809265137,3.0199999809265137,0,3.0199999809265137,3.0199999809265137,1.843405604362488
15-07-2009,3.25,3.25,500,3.25,3.25,1.983797907829285
16-07-2009,3.319999933242798,3.319999933242798,600,3.319999933242798,3.319999933242798,2.0265252590179443
17-07-2009,3.299999952316284,3.299999952316284,4700,3.299999952316284,3.299999952316284,2.014317512512207
20-07-2009,3.299999952316284,3.319999933242798,3500,3.3499999046325684,3.3299999237060547,2.0326294898986816
21-07-2009,3.3499999046325684,3.430000066757202,2900,3.430000066757202,3.3499999046325684,2.044837474822998
22-07-2009,3.4000000953674316,3.440000057220459,2100,3.440000057220459,3.4000000953674316,2.075357437133789
23-07-2009,3.4000000953674316,3.4000000953674316,0,3.4000000953674316,3.4000000953674316,2.075357437133789
24-07-2009,3.4000000953674316,3.4000000953674316,0,3.4000000953674316,3.4000000953674316,2.075357437133789
27-07-2009,3.450000047683716,3.5799999237060547,600,3.5799999237060547,3.450000047683716,2.105877161026001
28-07-2009,3.4200000762939453,3.4800000190734863,5400,3.4800000190734863,3.4200000762939453,2.087565660476685
29-07-2009,3.4200000762939453,3.4200000762939453,0,3.4200000762939453,3.4200000762939453,2.087565660476685
30-07-2009,3.5999999046325684,3.5999999046325684,7200,3.5999999046325684,3.5999999046325684,2.197437047958374
31-07-2009,3.5999999046325684,3.5999999046325684,0,3.5999999046325684,3.5999999046325684,2.197437047958374
03-08-2009,3.700000047683716,3.700000047683716,400,3.700000047683716,3.700000047683716,2.258476972579956
04-08-2009,3.700000047683716,3.7899999618530273,700,3.7899999618530273,3.700000047683716,2.258476972579956
05-08-2009,3.700000047683716,3.700000047683716,2500,3.700000047683716,3.700000047683716,2.258476972579956
06-08-2009,3.849999904632568,3.849999904632568,1200,3.849999904632568,3.849999904632568,2.350037097930908
07-08-2009,3.849999904632568,3.849999904632568,0,3.849999904632568,3.849999904632568,2.350037097930908
10-08-2009,3.9800000190734863,3.9800000190734863,300,3.9800000190734863,3.9800000190734863,2.429388999938965
11-08-2009,3.9800000190734863,3.9800000190734863,0,3.9800000190734863,3.9800000190734863,2.429388999938965
12-08-2009,4.050000190734863,4.050000190734863,600,4.050000190734863,4.050000190734863,2.4721171855926514
13-08-2009,4.099999904632568,4.099999904632568,400,4.099999904632568,4.099999904632568,2.502636671066284
14-08-2009,3.700000047683716,3.700000047683716,400,3.700000047683716,3.700000047683716,2.258476972579956
17-08-2009,3.799999952316284,3.799999952316284,1100,3.799999952316284,3.799999952316284,2.3195173740386963
18-08-2009,3.799999952316284,3.799999952316284,63700,3.799999952316284,3.799999952316284,2.3195173740386963
19-08-2009,3.700000047683716,3.700000047683716,1600,3.759999990463257,3.75,2.288996934890747
20-08-2009,3.799999952316284,3.799999952316284,1500,3.799999952316284,3.799999952316284,2.3195173740386963
21-08-2009,3.799999952316284,3.799999952316284,0,3.799999952316284,3.799999952316284,2.3195173740386963
24-08-2009,3.9600000381469727,4.0,2700,4.010000228881836,4.0,2.4415969848632812
25-08-2009,4.099999904632568,4.099999904632568,800,4.099999904632568,4.099999904632568,2.502636671066284
26-08-2009,4.099999904632568,4.099999904632568,0,4.099999904632568,4.099999904632568,2.502636671066284
27-08-2009,4.150000095367432,4.150000095367432,400,4.21999979019165,4.21999979019165,2.5758843421936035
28-08-2009,4.300000190734863,4.300000190734863,4800,4.300000190734863,4.300000190734863,2.6247172355651855
31-08-2009,4.199999809265137,4.199999809265137,300,4.199999809265137,4.199999809265137,2.563676595687866
01-09-2009,4.050000190734863,4.050000190734863,1600,4.090000152587891,4.050000190734863,2.4721171855926514
02-09-2009,4.0,4.0,500,4.0,4.0,2.4415969848632812
03-09-2009,4.0,4.070000171661377,1100,4.070000171661377,4.0,2.4415969848632812
04-09-2009,4.119999885559082,4.119999885559082,3200,4.119999885559082,4.119999885559082,2.5148446559906006
08-09-2009,4.119999885559082,4.119999885559082,0,4.119999885559082,4.119999885559082,2.5148446559906006
09-09-2009,4.25,4.25,5400,4.320000171661377,4.25,2.5941967964172363
10-09-2009,4.25,4.300000190734863,1700,4.300000190734863,4.25,2.5941967964172363
11-09-2009,4.429999828338623,4.429999828338623,600,4.429999828338623,4.429999828338623,2.704068660736084
14-09-2009,4.429999828338623,4.429999828338623,0,4.429999828338623,4.429999828338623,2.704068660736084
15-09-2009,4.349999904632568,4.349999904632568,1400,4.349999904632568,4.349999904632568,2.6552367210388184
16-09-2009,4.400000095367432,4.510000228881836,86800,4.519999980926514,4.429999828338623,2.704068660736084
17-09-2009,4.400000095367432,4.400000095367432,1700,4.400000095367432,4.400000095367432,2.685756206512451
18-09-2009,4.400000095367432,4.400000095367432,1300,4.5,4.5,2.7467966079711914
21-09-2009,4.349999904632568,4.349999904632568,1400,4.349999904632568,4.349999904632568,2.6552367210388184
22-09-2009,4.429999828338623,4.429999828338623,300,4.429999828338623,4.429999828338623,2.704068660736084
23-09-2009,4.429999828338623,4.429999828338623,0,4.429999828338623,4.429999828338623,2.704068660736084
24-09-2009,4.349999904632568,4.349999904632568,900,4.349999904632568,4.349999904632568,2.6552367210388184
25-09-2009,4.25,4.25,1700,4.25,4.25,2.5941967964172363
28-09-2009,4.329999923706055,4.329999923706055,2100,4.329999923706055,4.329999923706055,2.643028736114502
29-09-2009,4.329999923706055,4.329999923706055,0,4.329999923706055,4.329999923706055,2.643028736114502
30-09-2009,4.349999904632568,4.349999904632568,300,4.349999904632568,4.349999904632568,2.6552367210388184
01-10-2009,4.199999809265137,4.25,2600,4.25,4.199999809265137,2.563676595687866
02-10-2009,4.0,4.0,1300,4.0,4.0,2.4415969848632812
05-10-2009,4.0,4.0,2200,4.150000095367432,4.150000095367432,2.5331568717956543
06-10-2009,4.300000190734863,4.420000076293945,900,4.420000076293945,4.300000190734863,2.6247172355651855
07-10-2009,4.300000190734863,4.300000190734863,200,4.300000190734863,4.300000190734863,2.6247172355651855
08-10-2009,4.300000190734863,4.300000190734863,0,4.300000190734863,4.300000190734863,2.6247172355651855
09-10-2009,4.449999809265137,4.449999809265137,700,4.449999809265137,4.449999809265137,2.7162764072418213
12-10-2009,4.449999809265137,4.449999809265137,0,4.449999809265137,4.449999809265137,2.7162764072418213
13-10-2009,4.449999809265137,4.449999809265137,0,4.449999809265137,4.449999809265137,2.7162764072418213
14-10-2009,4.599999904632568,4.599999904632568,200,4.599999904632568,4.599999904632568,2.8078367710113525
15-10-2009,4.599999904632568,4.599999904632568,0,4.599999904632568,4.599999904632568,2.8078367710113525
16-10-2009,4.599999904632568,4.599999904632568,0,4.599999904632568,4.599999904632568,2.8078367710113525
19-10-2009,4.679999828338623,4.699999809265137,1500,4.699999809265137,4.679999828338623,2.856668710708618
20-10-2009,4.599999904632568,4.599999904632568,800,4.599999904632568,4.599999904632568,2.8078367710113525
21-10-2009,4.710000038146973,4.71999979019165,11500,4.75,4.75,2.8993959426879883
22-10-2009,4.550000190734863,4.550000190734863,1700,4.599999904632568,4.599999904632568,2.8078367710113525
23-10-2009,4.449999809265137,4.670000076293945,2500,4.670000076293945,4.449999809265137,2.7162764072418213
26-10-2009,4.389999866485596,4.389999866485596,4600,4.389999866485596,4.389999866485596,2.679652690887451
27-10-2009,4.25,4.25,900,4.25,4.25,2.5941967964172363
28-10-2009,4.230000019073486,4.28000020980835,6800,4.28000020980835,4.230000019073486,2.58198881149292
29-10-2009,4.300000190734863,4.300000190734863,300,4.300000190734863,4.300000190734863,2.6247172355651855
30-10-2009,4.199999809265137,4.199999809265137,500,4.199999809265137,4.199999809265137,2.563676595687866
02-11-2009,4.0,4.239999771118164,5300,4.239999771118164,4.159999847412109,2.5392608642578125
03-11-2009,4.050000190734863,4.050000190734863,500,4.050000190734863,4.050000190734863,2.4721171855926514
04-11-2009,4.119999885559082,4.119999885559082,2600,4.119999885559082,4.119999885559082,2.5148446559906006
05-11-2009,4.150000095367432,4.150000095367432,400,4.150000095367432,4.150000095367432,2.5331568717956543
06-11-2009,4.150000095367432,4.150000095367432,1400,4.150000095367432,4.150000095367432,2.5331568717956543
09-11-2009,4.269999980926514,4.300000190734863,900,4.300000190734863,4.269999980926514,2.6064045429229736
10-11-2009,4.300000190734863,4.300000190734863,500,4.300000190734863,4.300000190734863,2.6247172355651855
11-11-2009,4.449999809265137,4.449999809265137,2500,4.460000038146973,4.460000038146973,2.7223808765411377
12-11-2009,4.420000076293945,4.420000076293945,400,4.420000076293945,4.420000076293945,2.6979644298553467
13-11-2009,4.420000076293945,4.420000076293945,0,4.420000076293945,4.420000076293945,2.6979644298553467
16-11-2009,4.599999904632568,4.599999904632568,200,4.599999904632568,4.599999904632568,2.8078367710113525
17-11-2009,4.5,4.5,3100,4.5,4.5,2.7467966079711914
18-11-2009,4.550000190734863,4.550000190734863,400,4.550000190734863,4.550000190734863,2.7773165702819824
19-11-2009,4.349999904632568,4.349999904632568,700,4.349999904632568,4.349999904632568,2.6552367210388184
20-11-2009,4.269999980926514,4.5,4900,4.5,4.269999980926514,2.6064045429229736
23-11-2009,4.269999980926514,4.269999980926514,0,4.269999980926514,4.269999980926514,2.6064045429229736
24-11-2009,4.400000095367432,4.400000095367432,800,4.400000095367432,4.400000095367432,2.685756206512451
25-11-2009,4.400000095367432,4.400000095367432,79500,4.449999809265137,4.449999809265137,2.7162764072418213
27-11-2009,4.449999809265137,4.449999809265137,0,4.449999809265137,4.449999809265137,2.7162764072418213
30-11-2009,4.199999809265137,4.199999809265137,1600,4.25,4.199999809265137,2.563676595687866
01-12-2009,4.400000095367432,4.400000095367432,800,4.400000095367432,4.400000095367432,2.685756206512451
02-12-2009,4.349999904632568,4.349999904632568,200,4.349999904632568,4.349999904632568,2.6552367210388184
03-12-2009,4.400000095367432,4.5,403000,4.5,4.409999847412109,2.6918599605560303
04-12-2009,4.409999847412109,4.409999847412109,0,4.409999847412109,4.409999847412109,2.6918599605560303
07-12-2009,4.449999809265137,4.449999809265137,2800,4.449999809265137,4.449999809265137,2.7162764072418213
08-12-2009,4.300000190734863,4.300000190734863,2800,4.46999979019165,4.46999979019165,2.728484630584717
09-12-2009,4.309999942779541,4.349999904632568,3600,4.349999904632568,4.309999942779541,2.6308209896087646
10-12-2009,4.300000190734863,4.300000190734863,1100,4.300000190734863,4.300000190734863,2.6247172355651855
11-12-2009,4.349999904632568,4.349999904632568,14600,4.349999904632568,4.349999904632568,2.6552367210388184
14-12-2009,4.349999904632568,4.400000095367432,3200,4.400000095367432,4.400000095367432,2.685756206512451
15-12-2009,4.329999923706055,4.329999923706055,3300,4.349999904632568,4.349999904632568,2.6552367210388184
16-12-2009,4.400000095367432,4.400000095367432,4900,4.400000095367432,4.400000095367432,2.685756206512451
17-12-2009,4.25,4.389999866485596,2600,4.389999866485596,4.25,2.5941967964172363
18-12-2009,4.25,4.25,600,4.25,4.25,2.5941967964172363
21-12-2009,4.25,4.25,0,4.25,4.25,2.5941967964172363
22-12-2009,4.349999904632568,4.420000076293945,1200,4.420000076293945,4.349999904632568,2.6552367210388184
23-12-2009,4.369999885559082,4.369999885559082,2300,4.400000095367432,4.400000095367432,2.685756206512451
24-12-2009,4.400000095367432,4.400000095367432,0,4.400000095367432,4.400000095367432,2.685756206512451
28-12-2009,4.440000057220459,4.539999961853027,7500,4.539999961853027,4.449999809265137,2.7162764072418213
29-12-2009,4.409999847412109,4.409999847412109,1800,4.5,4.5,2.7467966079711914
30-12-2009,4.429999828338623,4.599999904632568,1800,4.599999904632568,4.429999828338623,2.704068660736084
31-12-2009,4.429999828338623,4.429999828338623,0,4.429999828338623,4.429999828338623,2.704068660736084
04-01-2010,4.449999809265137,4.449999809265137,2700,4.46999979019165,4.449999809265137,2.7162764072418213
05-01-2010,4.449999809265137,4.489999771118164,2200,4.489999771118164,4.449999809265137,2.7162764072418213
06-01-2010,4.449999809265137,4.449999809265137,0,4.449999809265137,4.449999809265137,2.7162764072418213
07-01-2010,4.400000095367432,4.400000095367432,400,4.400000095367432,4.400000095367432,2.685756206512451
08-01-2010,4.5,4.5,4600,4.5,4.5,2.7467966079711914
11-01-2010,4.550000190734863,4.550000190734863,900,4.550000190734863,4.550000190734863,2.7773165702819824
12-01-2010,4.550000190734863,4.550000190734863,0,4.550000190734863,4.550000190734863,2.7773165702819824
13-01-2010,4.53000020980835,4.53000020980835,100,4.53000020980835,4.53000020980835,2.765108823776245
14-01-2010,4.400000095367432,4.400000095367432,2300,4.550000190734863,4.550000190734863,2.7773165702819824
15-01-2010,4.400000095367432,4.400000095367432,300,4.400000095367432,4.400000095367432,2.685756206512451
19-01-2010,4.380000114440918,4.380000114440918,600,4.380000114440918,4.380000114440918,2.673548698425293
20-01-2010,4.380000114440918,4.380000114440918,0,4.380000114440918,4.380000114440918,2.673548698425293
21-01-2010,4.099999904632568,4.28000020980835,10400,4.28000020980835,4.099999904632568,2.502636671066284
22-01-2010,3.950000047683716,3.950000047683716,1000,3.950000047683716,3.950000047683716,2.411076784133911
25-01-2010,3.950000047683716,3.950000047683716,0,3.950000047683716,3.950000047683716,2.411076784133911
26-01-2010,3.950000047683716,3.950000047683716,0,3.950000047683716,3.950000047683716,2.411076784133911
27-01-2010,3.8299999237060542,3.859999895095825,800,3.859999895095825,3.8299999237060542,2.337829113006592
28-01-2010,3.650000095367432,3.7799999713897705,900,3.7799999713897705,3.650000095367432,2.227957010269165
29-01-2010,3.7899999618530273,3.799999952316284,1800,3.799999952316284,3.7899999618530273,2.31341290473938
01-02-2010,3.7899999618530273,3.7899999618530273,0,3.7899999618530273,3.7899999618530273,2.31341290473938
02-02-2010,3.6700000762939458,3.910000085830689,1600,3.9200000762939458,3.9200000762939458,2.3927648067474365
03-02-2010,3.75,3.900000095367432,2800,3.900000095367432,3.75,2.288996934890747
04-02-2010,3.549999952316284,3.549999952316284,300,3.549999952316284,3.549999952316284,2.166917562484741
05-02-2010,3.440000057220459,3.450000047683716,2300,3.450000047683716,3.440000057220459,2.099773645401001
08-02-2010,3.5,3.5,41700,3.559999942779541,3.559999942779541,2.1730213165283203
09-02-2010,3.5,3.559999942779541,2800,3.559999942779541,3.5,2.136397361755371
10-02-2010,3.640000104904175,3.640000104904175,400,3.640000104904175,3.640000104904175,2.221853256225586
11-02-2010,3.5299999713897705,3.5299999713897705,300,3.5299999713897705,3.5299999713897705,2.1547093391418457
12-02-2010,3.3499999046325684,3.3499999046325684,1900,3.5299999713897705,3.5299999713897705,2.1547093391418457
16-02-2010,3.490000009536743,3.5,1500,3.5,3.490000009536743,2.130293130874634
17-02-2010,3.549999952316284,3.5999999046325684,2200,3.5999999046325684,3.549999952316284,2.166917562484741
18-02-2010,3.5,3.5,3000,3.5999999046325684,3.5999999046325684,2.197437047958374
19-02-2010,3.549999952316284,3.5899999141693115,3400,3.5899999141693115,3.549999952316284,2.166917562484741
22-02-2010,3.5999999046325684,3.5999999046325684,1800,3.5999999046325684,3.5999999046325684,2.197437047958374
23-02-2010,3.4700000286102295,3.490000009536743,1500,3.490000009536743,3.4700000286102295,2.1180853843688965
24-02-2010,3.490000009536743,3.490000009536743,1500,3.490000009536743,3.490000009536743,2.130293130874634
25-02-2010,3.490000009536743,3.490000009536743,0,3.490000009536743,3.490000009536743,2.130293130874634
26-02-2010,3.490000009536743,3.490000009536743,0,3.490000009536743,3.490000009536743,2.130293130874634
01-03-2010,3.450000047683716,3.450000047683716,5400,3.450000047683716,3.450000047683716,2.105877161026001
02-03-2010,3.4800000190734863,3.5,1400,3.5,3.4800000190734863,2.1241893768310547
03-03-2010,3.5899999141693115,3.5999999046325684,1200,3.5999999046325684,3.5899999141693115,2.191333293914795
04-03-2010,3.640000104904175,3.640000104904175,4100,3.640000104904175,3.640000104904175,2.221853256225586
05-03-2010,3.640000104904175,3.640000104904175,0,3.640000104904175,3.640000104904175,2.221853256225586
08-03-2010,3.849999904632568,3.849999904632568,2000,3.849999904632568,3.849999904632568,2.350037097930908
09-03-2010,3.75,3.75,3300,3.759999990463257,3.759999990463257,2.2951014041900635
10-03-2010,3.799999952316284,3.799999952316284,8000,3.819999933242798,3.819999933242798,2.3317248821258545
11-03-2010,3.759999990463257,3.759999990463257,2100,3.7799999713897705,3.7799999713897705,2.307309150695801
12-03-2010,3.819999933242798,3.8299999237060542,5300,3.8299999237060542,3.8299999237060542,2.337829113006592
15-03-2010,3.799999952316284,3.799999952316284,300,3.799999952316284,3.799999952316284,2.3195173740386963
16-03-2010,3.799999952316284,3.799999952316284,0,3.799999952316284,3.799999952316284,2.3195173740386963
17-03-2010,3.910000085830689,3.910000085830689,2400,3.930000066757202,3.930000066757202,2.398869276046753
18-03-2010,3.890000104904175,3.900000095367432,3000,3.900000095367432,3.890000104904175,2.374452829360962
19-03-2010,3.7200000286102295,3.7200000286102295,3600,3.7799999713897705,3.7799999713897705,2.307309150695801
22-03-2010,3.7100000381469727,3.7100000381469727,2500,3.7100000381469727,3.7100000381469727,2.264581203460694
23-03-2010,3.700000047683716,3.700000047683716,1100,3.700000047683716,3.700000047683716,2.258476972579956
24-03-2010,3.609999895095825,3.7200000286102295,16400,3.7200000286102295,3.609999895095825,2.2035412788391113
25-03-2010,3.609999895095825,3.609999895095825,0,3.609999895095825,3.609999895095825,2.2035412788391113
26-03-2010,3.569999933242798,3.569999933242798,1800,3.569999933242798,3.569999933242798,2.1791255474090576
29-03-2010,3.7200000286102295,3.7200000286102295,3600,3.7200000286102295,3.7200000286102295,2.2706849575042725
30-03-2010,3.650000095367432,3.7200000286102295,19600,3.7200000286102295,3.650000095367432,2.227957010269165
31-03-2010,3.619999885559082,3.619999885559082,6800,3.630000114440918,3.630000114440918,2.215749502182007
01-04-2010,3.7699999809265137,3.7699999809265137,3700,3.7799999713897705,3.7799999713897705,2.307309150695801
05-04-2010,3.700000047683716,3.700000047683716,2400,3.700000047683716,3.700000047683716,2.258476972579956
06-04-2010,3.700000047683716,3.700000047683716,0,3.700000047683716,3.700000047683716,2.258476972579956
07-04-2010,3.700000047683716,3.700000047683716,0,3.700000047683716,3.700000047683716,2.258476972579956
08-04-2010,3.700000047683716,3.700000047683716,0,3.700000047683716,3.700000047683716,2.258476972579956
09-04-2010,3.700000047683716,3.700000047683716,0,3.700000047683716,3.700000047683716,2.258476972579956
12-04-2010,3.7100000381469727,3.7100000381469727,2100,3.7100000381469727,3.7100000381469727,2.264581203460694
13-04-2010,3.759999990463257,3.759999990463257,500,3.759999990463257,3.759999990463257,2.2951014041900635
14-04-2010,3.900000095367432,3.900000095367432,700,3.900000095367432,3.900000095367432,2.380557060241699
15-04-2010,3.900000095367432,3.900000095367432,0,3.900000095367432,3.900000095367432,2.380557060241699
16-04-2010,3.75,3.75,1000,3.75,3.75,2.288996934890747
19-04-2010,3.75,3.75,0,3.75,3.75,2.288996934890747
20-04-2010,3.75,3.75,0,3.75,3.75,2.288996934890747
21-04-2010,3.75,3.75,0,3.75,3.75,2.288996934890747
22-04-2010,3.5,3.5,800,3.5,3.5,2.136397361755371
23-04-2010,3.5,3.5,0,3.5,3.5,2.136397361755371
26-04-2010,3.5,3.5,0,3.5,3.5,2.136397361755371
27-04-2010,3.25,3.25,1100,3.25,3.25,1.983797907829285
28-04-2010,3.240000009536743,3.240000009536743,2200,3.240000009536743,3.240000009536743,1.9776934385299685
29-04-2010,3.2300000190734863,3.2300000190734863,2900,3.2300000190734863,3.2300000190734863,1.9715898036956787
30-04-2010,3.25,3.2699999809265137,5700,3.2799999713897705,3.25,1.983797907829285
03-05-2010,3.3299999237060547,3.3299999237060547,800,3.3299999237060547,3.3299999237060547,2.0326294898986816
04-05-2010,3.3299999237060547,3.3299999237060547,0,3.3299999237060547,3.3299999237060547,2.0326294898986816
05-05-2010,2.859999895095825,2.890000104904175,7000,2.890000104904175,2.859999895095825,1.7457417249679563
06-05-2010,2.4800000190734863,2.759999990463257,2000,2.759999990463257,2.4800000190734863,1.5137900114059448
07-05-2010,2.5,2.5,800,2.5,2.5,1.5259981155395508
10-05-2010,3.0,3.0,2800,3.0399999618530273,3.0199999809265137,1.843405604362488
11-05-2010,2.940000057220459,2.9700000286102295,2000,2.9700000286102295,2.940000057220459,1.7945739030838013
12-05-2010,2.9000000953674316,2.9000000953674316,2600,3.059999942779541,3.059999942779541,1.8678218126296997
13-05-2010,2.819999933242798,2.819999933242798,800,2.819999933242798,2.819999933242798,1.7213258743286133
14-05-2010,2.6500000953674316,2.6500000953674316,13200,2.6600000858306885,2.6600000858306885,1.6236618757247925
17-05-2010,2.6600000858306885,2.6600000858306885,1600,2.690000057220459,2.690000057220459,1.6419739723205566
18-05-2010,2.700000047683716,2.7699999809265137,700,2.7699999809265137,2.700000047683716,1.6480780839920044
19-05-2010,2.5,2.5,10100,2.5899999141693115,2.5899999141693115,1.5809340476989746
20-05-2010,2.5399999618530273,2.5399999618530273,2100,2.569999933242798,2.569999933242798,1.5687259435653689
21-05-2010,2.6500000953674316,2.6500000953674316,1500,2.7100000381469727,2.6700000762939453,1.6297657489776611
24-05-2010,2.5299999713897705,2.5999999046325684,12500,2.5999999046325684,2.5299999713897705,1.5443100929260254
25-05-2010,2.390000104904175,2.390000104904175,2200,2.4000000953674316,2.4000000953674316,1.4649583101272583
26-05-2010,2.4000000953674316,2.4000000953674316,2800,2.4000000953674316,2.4000000953674316,1.4649583101272583
27-05-2010,2.6500000953674316,2.6500000953674316,2400,2.6500000953674316,2.6500000953674316,1.6175578832626345
28-05-2010,2.6500000953674316,2.6500000953674316,0,2.6500000953674316,2.6500000953674316,1.6175578832626345
01-06-2010,2.619999885559082,2.619999885559082,300,2.619999885559082,2.619999885559082,1.5992461442947388
02-06-2010,2.619999885559082,2.619999885559082,0,2.619999885559082,2.619999885559082,1.5992461442947388
03-06-2010,2.619999885559082,2.619999885559082,0,2.619999885559082,2.619999885559082,1.5992461442947388
04-06-2010,2.309999942779541,2.309999942779541,400,2.309999942779541,2.309999942779541,1.4100219011306765
07-06-2010,2.309999942779541,2.309999942779541,0,2.309999942779541,2.309999942779541,1.4100219011306765
08-06-2010,2.309999942779541,2.309999942779541,0,2.309999942779541,2.309999942779541,1.4100219011306765
09-06-2010,2.319999933242798,2.369999885559082,700,2.369999885559082,2.319999933242798,1.4161262512207031
10-06-2010,2.4800000190734863,2.5,3500,2.5,2.4800000190734863,1.5137900114059448
11-06-2010,2.4800000190734863,2.4800000190734863,0,2.4800000190734863,2.4800000190734863,1.5137900114059448
14-06-2010,2.680000066757202,2.680000066757202,2700,2.680000066757202,2.680000066757202,1.6358699798583984
15-06-2010,2.680000066757202,2.680000066757202,0,2.680000066757202,2.680000066757202,1.6358699798583984
16-06-2010,2.7799999713897705,2.7799999713897705,1600,2.7799999713897705,2.7799999713897705,1.6969099044799805
17-06-2010,2.7799999713897705,2.7799999713897705,1000,2.7799999713897705,2.7799999713897705,1.6969099044799805
18-06-2010,2.9000000953674316,2.9000000953674316,700,2.9000000953674316,2.9000000953674316,1.7701579332351685
21-06-2010,2.9000000953674316,2.9200000762939453,3000,2.9200000762939453,2.9000000953674316,1.7701579332351685
22-06-2010,2.9000000953674316,2.9000000953674316,0,2.9000000953674316,2.9000000953674316,1.7701579332351685
23-06-2010,2.9000000953674316,2.9000000953674316,0,2.9000000953674316,2.9000000953674316,1.7701579332351685
24-06-2010,2.7699999809265137,2.859999895095825,700,2.859999895095825,2.7699999809265137,1.6908057928085327
25-06-2010,2.7799999713897705,2.799999952316284,73800,2.799999952316284,2.7799999713897705,1.6969099044799805
28-06-2010,2.7799999713897705,2.7799999713897705,0,2.7799999713897705,2.7799999713897705,1.6969099044799805
29-06-2010,2.7699999809265137,2.7699999809265137,500,2.7699999809265137,2.7699999809265137,1.6908057928085327
30-06-2010,2.7699999809265137,2.7699999809265137,0,2.7699999809265137,2.7699999809265137,1.6908057928085327
01-07-2010,2.7699999809265137,2.7699999809265137,0,2.7699999809265137,2.7699999809265137,1.6908057928085327
02-07-2010,2.5799999237060547,2.6600000858306885,2500,2.6600000858306885,2.5799999237060547,1.5748299360275269
06-07-2010,2.700000047683716,2.700000047683716,300,2.700000047683716,2.700000047683716,1.6480780839920044
07-07-2010,2.759999990463257,2.759999990463257,3700,2.9000000953674316,2.890000104904175,1.7640537023544312
08-07-2010,2.950000047683716,2.950000047683716,300,2.950000047683716,2.950000047683716,1.8006775379180908
09-07-2010,3.0,3.0199999809265137,9000,3.0199999809265137,3.009999990463257,1.8373019695281985
12-07-2010,3.009999990463257,3.009999990463257,0,3.009999990463257,3.009999990463257,1.8373019695281985
13-07-2010,3.009999990463257,3.009999990463257,0,3.009999990463257,3.009999990463257,1.8373019695281985
14-07-2010,3.009999990463257,3.009999990463257,0,3.009999990463257,3.009999990463257,1.8373019695281985
15-07-2010,3.009999990463257,3.009999990463257,0,3.009999990463257,3.009999990463257,1.8373019695281985
16-07-2010,2.9800000190734863,2.9800000190734863,2200,2.9800000190734863,2.9800000190734863,1.818989872932434
19-07-2010,3.009999990463257,3.009999990463257,300,3.009999990463257,3.009999990463257,1.8373019695281985
20-07-2010,3.009999990463257,3.009999990463257,0,3.009999990463257,3.009999990463257,1.8373019695281985
21-07-2010,3.009999990463257,3.009999990463257,0,3.009999990463257,3.009999990463257,1.8373019695281985
22-07-2010,3.059999942779541,3.059999942779541,2600,3.059999942779541,3.059999942779541,1.8678218126296997
23-07-2010,3.059999942779541,3.059999942779541,800,3.059999942779541,3.059999942779541,1.8678218126296997
26-07-2010,3.190000057220459,3.190000057220459,2700,3.200000047683716,3.200000047683716,1.9532774686813352
27-07-2010,3.2699999809265137,3.2699999809265137,1400,3.2699999809265137,3.2699999809265137,1.996005296707153
28-07-2010,3.2699999809265137,3.2699999809265137,0,3.2699999809265137,3.2699999809265137,1.996005296707153
29-07-2010,3.2699999809265137,3.2699999809265137,0,3.2699999809265137,3.2699999809265137,1.996005296707153
30-07-2010,3.2699999809265137,3.2699999809265137,0,3.2699999809265137,3.2699999809265137,1.996005296707153
02-08-2010,3.2699999809265137,3.2699999809265137,0,3.2699999809265137,3.2699999809265137,1.996005296707153
03-08-2010,3.4200000762939453,3.4200000762939453,400,3.4200000762939453,3.4200000762939453,2.087565660476685
04-08-2010,3.3399999141693115,3.3399999141693115,2000,3.359999895095825,3.359999895095825,2.050941467285156
05-08-2010,3.359999895095825,3.359999895095825,0,3.359999895095825,3.359999895095825,2.050941467285156
06-08-2010,3.2799999713897705,3.2799999713897705,3500,3.2799999713897705,3.2799999713897705,2.00210952758789
09-08-2010,3.3399999141693115,3.359999895095825,47000,3.359999895095825,3.3499999046325684,2.044837474822998
10-08-2010,3.3299999237060547,3.3299999237060547,1400,3.3299999237060547,3.3299999237060547,2.0326294898986816
11-08-2010,3.0799999237060547,3.200000047683716,1500,3.200000047683716,3.0799999237060547,1.8800296783447263
12-08-2010,3.0,3.009999990463257,6500,3.009999990463257,3.0,1.8311976194381712
13-08-2010,3.0,3.0,0,3.0,3.0,1.8311976194381712
16-08-2010,3.0,3.0,0,3.0,3.0,1.8311976194381712
17-08-2010,3.0199999809265137,3.0199999809265137,2400,3.0199999809265137,3.0199999809265137,1.843405604362488
18-08-2010,2.9800000190734863,2.9800000190734863,3100,2.9800000190734863,2.9800000190734863,1.818989872932434
19-08-2010,2.9800000190734863,2.9800000190734863,0,2.9800000190734863,2.9800000190734863,1.818989872932434
20-08-2010,2.7899999618530273,2.7899999618530273,600,2.7899999618530273,2.7899999618530273,1.70301353931427
23-08-2010,2.7899999618530273,2.7899999618530273,0,2.7899999618530273,2.7899999618530273,1.70301353931427
24-08-2010,2.7699999809265137,2.799999952316284,5800,2.799999952316284,2.7699999809265137,1.6908057928085327
25-08-2010,2.7300000190734863,2.75,961400,2.7899999618530273,2.75,1.6785980463027954
26-08-2010,2.869999885559082,2.869999885559082,700,2.869999885559082,2.869999885559082,1.7518459558486938
27-08-2010,2.8299999237060547,2.8299999237060547,1300,2.8299999237060547,2.8299999237060547,1.727429986000061
30-08-2010,2.740000009536743,2.7699999809265137,2000,2.7699999809265137,2.740000009536743,1.6724939346313477
31-08-2010,2.740000009536743,2.740000009536743,0,2.740000009536743,2.740000009536743,1.6724939346313477
01-09-2010,2.9100000858306885,2.9100000858306885,400,2.9100000858306885,2.9100000858306885,1.7762616872787476
02-09-2010,2.9200000762939453,2.9200000762939453,400,2.9200000762939453,2.9200000762939453,1.7823660373687744
03-09-2010,3.049999952316284,3.049999952316284,800,3.049999952316284,3.049999952316284,1.8617175817489624
07-09-2010,2.940000057220459,2.940000057220459,200,2.940000057220459,2.940000057220459,1.7945739030838013
08-09-2010,2.940000057220459,2.940000057220459,0,2.940000057220459,2.940000057220459,1.7945739030838013
09-09-2010,3.059999942779541,3.059999942779541,900,3.059999942779541,3.059999942779541,1.8678218126296997
10-09-2010,3.049999952316284,3.049999952316284,1300,3.049999952316284,3.049999952316284,1.8617175817489624
13-09-2010,3.0999999046325684,3.0999999046325684,1100,3.0999999046325684,3.0999999046325684,1.8922371864318848
14-09-2010,3.0999999046325684,3.0999999046325684,1000,3.1500000953674316,3.1500000953674316,1.922758102416992
15-09-2010,3.0999999046325684,3.0999999046325684,300,3.0999999046325684,3.0999999046325684,1.8922371864318848
16-09-2010,3.0999999046325684,3.0999999046325684,3700,3.0999999046325684,3.0999999046325684,1.8922371864318848
17-09-2010,3.0999999046325684,3.0999999046325684,0,3.0999999046325684,3.0999999046325684,1.8922371864318848
20-09-2010,3.0999999046325684,3.0999999046325684,0,3.0999999046325684,3.0999999046325684,1.8922371864318848
21-09-2010,3.200000047683716,3.200000047683716,2600,3.200000047683716,3.200000047683716,1.9532774686813352
22-09-2010,3.200000047683716,3.200000047683716,5600,3.200000047683716,3.200000047683716,1.9532774686813352
23-09-2010,3.200000047683716,3.200000047683716,0,3.200000047683716,3.200000047683716,1.9532774686813352
24-09-2010,3.200000047683716,3.200000047683716,0,3.200000047683716,3.200000047683716,1.9532774686813352
27-09-2010,3.2200000286102295,3.2200000286102295,3200,3.2200000286102295,3.2200000286102295,1.9654855728149416
28-09-2010,3.200000047683716,3.2100000381469727,30500,3.2100000381469727,3.200000047683716,1.9532774686813352
29-09-2010,3.2200000286102295,3.2200000286102295,22600,3.2200000286102295,3.2200000286102295,1.9654855728149416
30-09-2010,3.200000047683716,3.200000047683716,2700,3.200000047683716,3.200000047683716,1.9532774686813352
01-10-2010,3.2300000190734863,3.2300000190734863,3200,3.2300000190734863,3.2300000190734863,1.9715898036956787
04-10-2010,3.2300000190734863,3.2300000190734863,0,3.2300000190734863,3.2300000190734863,1.9715898036956787
05-10-2010,3.2799999713897705,3.2799999713897705,2000,3.2899999618530273,3.2899999618530273,2.008213520050049
06-10-2010,3.450000047683716,3.450000047683716,900,3.450000047683716,3.450000047683716,2.105877161026001
07-10-2010,3.450000047683716,3.450000047683716,0,3.450000047683716,3.450000047683716,2.105877161026001
08-10-2010,3.3499999046325684,3.3499999046325684,500,3.3499999046325684,3.3499999046325684,2.044837474822998
11-10-2010,3.3499999046325684,3.3499999046325684,3200,3.3499999046325684,3.3499999046325684,2.044837474822998
12-10-2010,3.3499999046325684,3.3499999046325684,0,3.3499999046325684,3.3499999046325684,2.044837474822998
13-10-2010,3.3499999046325684,3.3499999046325684,0,3.3499999046325684,3.3499999046325684,2.044837474822998
14-10-2010,3.4800000190734863,3.4800000190734863,3900,3.4800000190734863,3.4800000190734863,2.1241893768310547
15-10-2010,3.4800000190734863,3.4800000190734863,6800,3.4800000190734863,3.4800000190734863,2.1241893768310547
18-10-2010,3.569999933242798,3.569999933242798,400,3.569999933242798,3.569999933242798,2.1791255474090576
19-10-2010,3.509999990463257,3.509999990463257,1600,3.509999990463257,3.509999990463257,2.14250111579895
20-10-2010,3.619999885559082,3.619999885559082,5700,3.650000095367432,3.650000095367432,2.227957010269165
21-10-2010,3.700000047683716,3.700000047683716,2500,3.700000047683716,3.700000047683716,2.258476972579956
22-10-2010,3.650000095367432,3.650000095367432,900,3.650000095367432,3.650000095367432,2.227957010269165
25-10-2010,3.559999942779541,3.559999942779541,800,3.559999942779541,3.559999942779541,2.1730213165283203
26-10-2010,3.559999942779541,3.559999942779541,0,3.559999942779541,3.559999942779541,2.1730213165283203
27-10-2010,3.5,3.5,700,3.5,3.5,2.136397361755371
28-10-2010,3.549999952316284,3.549999952316284,1300,3.549999952316284,3.549999952316284,2.166917562484741
29-10-2010,3.450000047683716,3.450000047683716,8300,3.4700000286102295,3.4700000286102295,2.1180853843688965
01-11-2010,3.4600000381469727,3.4600000381469727,11800,3.4600000381469727,3.4600000381469727,2.1119813919067383
02-11-2010,3.5,3.5399999618530273,900,3.5399999618530273,3.5,2.136397361755371
03-11-2010,3.450000047683716,3.450000047683716,1600,3.450000047683716,3.450000047683716,2.105877161026001
04-11-2010,3.509999990463257,3.509999990463257,100,3.509999990463257,3.509999990463257,2.14250111579895
05-11-2010,3.3499999046325684,3.3499999046325684,3300,3.3499999046325684,3.3499999046325684,2.044837474822998
08-11-2010,3.4000000953674316,3.4000000953674316,3400,3.4000000953674316,3.4000000953674316,2.075357437133789
09-11-2010,3.4000000953674316,3.4000000953674316,0,3.4000000953674316,3.4000000953674316,2.075357437133789
10-11-2010,3.200000047683716,3.299999952316284,6100,3.299999952316284,3.200000047683716,1.9532774686813352
11-11-2010,3.200000047683716,3.200000047683716,0,3.200000047683716,3.200000047683716,1.9532774686813352
12-11-2010,3.1500000953674316,3.1500000953674316,1300,3.1500000953674316,3.1500000953674316,1.922758102416992
15-11-2010,3.1500000953674316,3.1500000953674316,0,3.1500000953674316,3.1500000953674316,1.922758102416992
16-11-2010,3.1500000953674316,3.1500000953674316,1600,3.1500000953674316,3.1500000953674316,1.922758102416992
17-11-2010,3.0999999046325684,3.0999999046325684,1400,3.109999895095825,3.109999895095825,1.8983416557312012
18-11-2010,3.1500000953674316,3.1500000953674316,2100,3.1500000953674316,3.1500000953674316,1.922758102416992
19-11-2010,3.1500000953674316,3.1500000953674316,0,3.1500000953674316,3.1500000953674316,1.922758102416992
22-11-2010,3.0,3.0,200,3.0,3.0,1.8311976194381712
23-11-2010,3.0,3.0,0,3.0,3.0,1.8311976194381712
24-11-2010,2.8499999046325684,2.8499999046325684,1600,2.8499999046325684,2.8499999046325684,1.7396379709243774
26-11-2010,2.75,2.75,4400,2.75,2.75,1.6785980463027954
29-11-2010,2.75,2.75,0,2.75,2.75,1.6785980463027954
30-11-2010,2.569999933242798,2.569999933242798,200,2.569999933242798,2.569999933242798,1.5687259435653689
01-12-2010,2.569999933242798,2.569999933242798,0,2.569999933242798,2.569999933242798,1.5687259435653689
02-12-2010,2.75,2.75,200,2.75,2.75,1.6785980463027954
03-12-2010,2.75,2.75,0,2.75,2.75,1.6785980463027954
06-12-2010,2.75,2.75,0,2.75,2.75,1.6785980463027954
07-12-2010,2.75,2.75,31500,2.8499999046325684,2.8499999046325684,1.7396379709243774
08-12-2010,2.799999952316284,2.799999952316284,200,2.799999952316284,2.799999952316284,1.709117770195007
09-12-2010,2.8499999046325684,2.8499999046325684,1600,2.9000000953674316,2.9000000953674316,1.7701579332351685
10-12-2010,2.819999933242798,2.819999933242798,2000,2.819999933242798,2.819999933242798,1.7213258743286133
13-12-2010,2.9000000953674316,2.9000000953674316,500,2.9000000953674316,2.9000000953674316,1.7701579332351685
14-12-2010,2.890000104904175,2.9000000953674316,24500,2.9000000953674316,2.9000000953674316,1.7701579332351685
15-12-2010,2.8499999046325684,2.8499999046325684,600000,2.8499999046325684,2.8499999046325684,1.7396379709243774
16-12-2010,2.7799999713897705,2.8399999141693115,3400,2.8399999141693115,2.7799999713897705,1.6969099044799805
17-12-2010,2.7799999713897705,2.7799999713897705,0,2.7799999713897705,2.7799999713897705,1.6969099044799805
20-12-2010,2.7100000381469727,2.7100000381469727,1100,2.7200000286102295,2.7200000286102295,1.6602860689163208
21-12-2010,2.799999952316284,2.799999952316284,11400,2.8499999046325684,2.8499999046325684,1.7396379709243774
22-12-2010,2.75,2.75,2600,2.75,2.75,1.6785980463027954
23-12-2010,2.75,2.75,1700,2.75,2.75,1.6785980463027954
27-12-2010,2.7300000190734863,2.7300000190734863,3300,2.7300000190734863,2.7300000190734863,1.6663901805877686
28-12-2010,2.7300000190734863,2.7300000190734863,0,2.7300000190734863,2.7300000190734863,1.6663901805877686
29-12-2010,2.700000047683716,2.700000047683716,1300,2.700000047683716,2.700000047683716,1.6480780839920044
30-12-2010,2.6500000953674316,2.6500000953674316,9100,2.6500000953674316,2.6500000953674316,1.6175578832626345
31-12-2010,2.6500000953674316,2.6500000953674316,1800,2.6500000953674316,2.6500000953674316,1.6175578832626345
03-01-2011,2.6500000953674316,2.6500000953674316,0,2.6500000953674316,2.6500000953674316,1.6175578832626345
04-01-2011,2.6500000953674316,2.6500000953674316,0,2.6500000953674316,2.6500000953674316,1.6175578832626345
05-01-2011,2.6500000953674316,2.6500000953674316,800,2.6500000953674316,2.6500000953674316,1.6175578832626345
06-01-2011,2.630000114440918,2.630000114440918,1600,2.630000114440918,2.630000114440918,1.605350136756897
07-01-2011,2.5399999618530273,2.609999895095825,183200,2.619999885559082,2.5399999618530273,1.5504138469696045
10-01-2011,2.4200000762939453,2.4200000762939453,3200,2.4200000762939453,2.4200000762939453,1.4771660566329956
11-01-2011,2.440000057220459,2.440000057220459,2700,2.450000047683716,2.450000047683716,1.495478272438049
12-01-2011,2.7300000190734863,2.75,7200,2.75,2.75,1.6785980463027954
13-01-2011,2.75,2.75,0,2.75,2.75,1.6785980463027954
14-01-2011,2.9700000286102295,2.9700000286102295,4000,2.9700000286102295,2.9700000286102295,1.8128856420516968
18-01-2011,3.0,3.009999990463257,1300,3.009999990463257,3.0,1.8311976194381712
19-01-2011,3.049999952316284,3.049999952316284,1000,3.049999952316284,3.049999952316284,1.8617175817489624
20-01-2011,3.049999952316284,3.049999952316284,0,3.049999952316284,3.049999952316284,1.8617175817489624
21-01-2011,3.200000047683716,3.200000047683716,1500,3.200000047683716,3.200000047683716,1.9532774686813352
24-01-2011,3.240000009536743,3.240000009536743,4600,3.2899999618530273,3.2899999618530273,2.008213520050049
25-01-2011,3.2899999618530273,3.2899999618530273,0,3.2899999618530273,3.2899999618530273,2.008213520050049
26-01-2011,3.1500000953674316,3.1500000953674316,2300,3.1500000953674316,3.1500000953674316,1.922758102416992
27-01-2011,3.25,3.25,1754900,3.369999885559082,3.25,1.983797907829285
28-01-2011,3.2200000286102295,3.2200000286102295,300,3.2200000286102295,3.2200000286102295,1.9654855728149416
31-01-2011,3.2200000286102295,3.2200000286102295,0,3.2200000286102295,3.2200000286102295,1.9654855728149416
01-02-2011,3.3499999046325684,3.3499999046325684,1600,3.3499999046325684,3.3499999046325684,2.044837474822998
02-02-2011,3.450000047683716,3.450000047683716,1800,3.4700000286102295,3.450000047683716,2.105877161026001
03-02-2011,3.309999942779541,3.319999933242798,3800,3.3299999237060547,3.3299999237060547,2.0326294898986816
04-02-2011,3.3499999046325684,3.3499999046325684,1000,3.359999895095825,3.359999895095825,2.050941467285156
07-02-2011,3.3499999046325684,3.3499999046325684,2700,3.3499999046325684,3.3499999046325684,2.044837474822998
08-02-2011,3.3299999237060547,3.3399999141693115,1400,3.3399999141693115,3.3299999237060547,2.0326294898986816
09-02-2011,3.3299999237060547,3.3299999237060547,0,3.3299999237060547,3.3299999237060547,2.0326294898986816
10-02-2011,3.25,3.25,3000,3.25,3.25,1.983797907829285
11-02-2011,3.25,3.25,0,3.25,3.25,1.983797907829285
14-02-2011,3.25,3.25,0,3.25,3.25,1.983797907829285
15-02-2011,3.309999942779541,3.390000104904175,10300,3.390000104904175,3.309999942779541,2.0204215049743652
16-02-2011,3.309999942779541,3.309999942779541,0,3.309999942779541,3.309999942779541,2.0204215049743652
17-02-2011,3.450000047683716,3.450000047683716,5100,3.450000047683716,3.450000047683716,2.105877161026001
18-02-2011,3.4000000953674316,3.4000000953674316,2100,3.4000000953674316,3.4000000953674316,2.075357437133789
22-02-2011,3.2799999713897705,3.2799999713897705,500,3.2799999713897705,3.2799999713897705,2.00210952758789
23-02-2011,3.2799999713897705,3.2799999713897705,0,3.2799999713897705,3.2799999713897705,2.00210952758789
24-02-2011,3.2799999713897705,3.2799999713897705,0,3.2799999713897705,3.2799999713897705,2.00210952758789
25-02-2011,3.299999952316284,3.299999952316284,400,3.299999952316284,3.299999952316284,2.014317512512207
28-02-2011,3.3499999046325684,3.3499999046325684,5500,3.3499999046325684,3.3499999046325684,2.044837474822998
01-03-2011,3.25,3.25,500,3.25,3.25,1.983797907829285
02-03-2011,3.25,3.25,1000,3.25,3.25,1.983797907829285
03-03-2011,3.25,3.25,0,3.25,3.25,1.983797907829285
04-03-2011,3.25,3.25,0,3.25,3.25,1.983797907829285
07-03-2011,3.25,3.25,0,3.25,3.25,1.983797907829285
08-03-2011,3.25,3.25,0,3.25,3.25,1.983797907829285
09-03-2011,3.299999952316284,3.299999952316284,400,3.299999952316284,3.299999952316284,2.014317512512207
10-03-2011,3.299999952316284,3.299999952316284,0,3.299999952316284,3.299999952316284,2.014317512512207
11-03-2011,3.1600000858306885,3.1600000858306885,3500,3.25,3.1600000858306885,1.9288617372512815
14-03-2011,3.1600000858306885,3.1600000858306885,0,3.1600000858306885,3.1600000858306885,1.9288617372512815
15-03-2011,3.0999999046325684,3.0999999046325684,1200,3.0999999046325684,3.0999999046325684,1.8922371864318848
16-03-2011,2.9200000762939453,3.0,1300,3.0,2.9200000762939453,1.7823660373687744
17-03-2011,3.009999990463257,3.009999990463257,1100,3.009999990463257,3.009999990463257,1.8373019695281985
18-03-2011,3.049999952316284,3.049999952316284,2700,3.049999952316284,3.049999952316284,1.8617175817489624
21-03-2011,3.049999952316284,3.049999952316284,0,3.049999952316284,3.049999952316284,1.8617175817489624
22-03-2011,3.200000047683716,3.200000047683716,9700,3.200000047683716,3.200000047683716,1.9532774686813352
23-03-2011,3.200000047683716,3.200000047683716,0,3.200000047683716,3.200000047683716,1.9532774686813352
24-03-2011,3.200000047683716,3.200000047683716,4300,3.200000047683716,3.200000047683716,1.9532774686813352
25-03-2011,3.200000047683716,3.200000047683716,0,3.200000047683716,3.200000047683716,1.9532774686813352
28-03-2011,3.200000047683716,3.200000047683716,0,3.200000047683716,3.200000047683716,1.9532774686813352
29-03-2011,3.049999952316284,3.049999952316284,1400,3.049999952316284,3.049999952316284,1.8617175817489624
30-03-2011,3.049999952316284,3.049999952316284,0,3.049999952316284,3.049999952316284,1.8617175817489624
31-03-2011,2.9000000953674316,2.9000000953674316,3500,2.9000000953674316,2.9000000953674316,1.7701579332351685
01-04-2011,2.950000047683716,2.950000047683716,500,2.950000047683716,2.950000047683716,1.8006775379180908
04-04-2011,2.9800000190734863,2.9800000190734863,2300,2.9800000190734863,2.9800000190734863,1.818989872932434
05-04-2011,2.9800000190734863,2.9800000190734863,0,2.9800000190734863,2.9800000190734863,1.818989872932434
06-04-2011,3.25,3.25,1000,3.25,3.25,1.983797907829285
07-04-2011,3.25,3.25,1500,3.25,3.25,1.983797907829285
08-04-2011,3.200000047683716,3.200000047683716,800,3.200000047683716,3.200000047683716,1.9532774686813352
11-04-2011,3.25,3.25,1000,3.25,3.25,1.983797907829285
12-04-2011,3.200000047683716,3.200000047683716,2100,3.200000047683716,3.200000047683716,1.9532774686813352
13-04-2011,3.200000047683716,3.200000047683716,1000,3.200000047683716,3.200000047683716,1.9532774686813352
14-04-2011,3.200000047683716,3.200000047683716,0,3.200000047683716,3.200000047683716,1.9532774686813352
15-04-2011,3.049999952316284,3.049999952316284,1100,3.049999952316284,3.049999952316284,1.8617175817489624
18-04-2011,3.049999952316284,3.049999952316284,0,3.049999952316284,3.049999952316284,1.8617175817489624
19-04-2011,3.049999952316284,3.049999952316284,0,3.049999952316284,3.049999952316284,1.8617175817489624
20-04-2011,3.049999952316284,3.049999952316284,0,3.049999952316284,3.049999952316284,1.8617175817489624
21-04-2011,3.0999999046325684,3.0999999046325684,1300,3.0999999046325684,3.0999999046325684,1.8922371864318848
25-04-2011,3.0999999046325684,3.0999999046325684,0,3.0999999046325684,3.0999999046325684,1.8922371864318848
26-04-2011,3.0999999046325684,3.140000104904175,2700,3.140000104904175,3.0999999046325684,1.8922371864318848
27-04-2011,3.180000066757202,3.200000047683716,6300,3.200000047683716,3.180000066757202,1.9410696029663088
28-04-2011,3.180000066757202,3.180000066757202,0,3.180000066757202,3.180000066757202,1.9410696029663088
29-04-2011,3.259999990463257,3.259999990463257,1000,3.259999990463257,3.259999990463257,1.9899013042449951
02-05-2011,3.25,3.25,500,3.25,3.25,1.983797907829285
03-05-2011,3.25,3.25,0,3.25,3.25,1.983797907829285
04-05-2011,3.25,3.25,0,3.25,3.25,1.983797907829285
05-05-2011,3.25,3.25,0,3.25,3.25,1.983797907829285
06-05-2011,3.25,3.25,0,3.25,3.25,1.983797907829285
09-05-2011,2.9600000381469727,2.9600000381469727,1100,2.9600000381469727,2.9600000381469727,1.806781530380249
10-05-2011,2.9600000381469727,2.9600000381469727,0,2.9600000381469727,2.9600000381469727,1.806781530380249
11-05-2011,2.950000047683716,2.950000047683716,900,2.950000047683716,2.950000047683716,1.8006775379180908
12-05-2011,2.950000047683716,2.950000047683716,0,2.950000047683716,2.950000047683716,1.8006775379180908
13-05-2011,2.950000047683716,2.950000047683716,0,2.950000047683716,2.950000047683716,1.8006775379180908
16-05-2011,2.8399999141693115,2.9000000953674316,2800,2.9000000953674316,2.8399999141693115,1.7335338592529297
17-05-2011,2.799999952316284,2.799999952316284,600,2.799999952316284,2.799999952316284,1.709117770195007
18-05-2011,2.799999952316284,2.809999942779541,1200,2.809999942779541,2.799999952316284,1.709117770195007
19-05-2011,2.799999952316284,2.799999952316284,0,2.799999952316284,2.799999952316284,1.709117770195007
20-05-2011,2.75,2.759999990463257,4818800,2.759999990463257,2.75,1.6785980463027954
23-05-2011,2.380000114440918,2.380000114440918,946200,2.430000066757202,2.430000066757202,1.483270287513733
24-05-2011,2.319999933242798,2.390000104904175,4010600,2.4000000953674316,2.319999933242798,1.4161262512207031
25-05-2011,2.4100000858306885,2.4700000286102295,5200,2.5199999809265137,2.5199999809265137,1.5382059812545776
26-05-2011,2.4200000762939453,2.4700000286102295,2500,2.5299999713897705,2.5299999713897705,1.5443100929260254
27-05-2011,2.509999990463257,2.549999952316284,81600,2.5999999046325684,2.509999990463257,1.5321022272109983
31-05-2011,2.549999952316284,2.640000104904175,8900,2.640000104904175,2.640000104904175,1.6114541292190552
01-06-2011,2.4800000190734863,2.5199999809265137,1700,2.559999942779541,2.4800000190734863,1.5137900114059448
02-06-2011,2.4800000190734863,2.569999933242798,3400,2.5799999237060547,2.4800000190734863,1.5137900114059448
03-06-2011,2.609999895095825,2.700000047683716,23200,2.799999952316284,2.799999952316284,1.709117770195007
06-06-2011,2.5,2.5399999618530273,8100,2.640000104904175,2.5,1.5259981155395508
07-06-2011,2.5899999141693115,2.5899999141693115,3200,2.7100000381469727,2.5899999141693115,1.5809340476989746
08-06-2011,2.559999942779541,2.640000104904175,4100,2.6500000953674316,2.6500000953674316,1.6175578832626345
09-06-2011,2.549999952316284,2.549999952316284,10700,2.619999885559082,2.619999885559082,1.5992461442947388
10-06-2011,2.4600000381469727,2.5,8100,2.549999952316284,2.4600000381469727,1.501582145690918
13-06-2011,2.4800000190734863,2.5199999809265137,23300,2.5899999141693115,2.490000009536743,1.5198938846588137
14-06-2011,2.549999952316284,2.609999895095825,8200,2.6500000953674316,2.640000104904175,1.6114541292190552
15-06-2011,2.380000114440918,2.4200000762939453,10400,2.4800000190734863,2.380000114440918,1.4527502059936523
16-06-2011,2.4000000953674316,2.4000000953674316,2500,2.5,2.4100000858306885,1.471062183380127
17-06-2011,2.5299999713897705,2.549999952316284,7500,2.640000104904175,2.5299999713897705,1.5443100929260254
20-06-2011,2.509999990463257,2.5999999046325684,8600,2.609999895095825,2.609999895095825,1.5931421518325806
21-06-2011,2.5999999046325684,2.609999895095825,9300,2.6600000858306885,2.6600000858306885,1.6236618757247925
22-06-2011,2.5999999046325684,2.6600000858306885,9900,2.6600000858306885,2.5999999046325684,1.5870381593704224
23-06-2011,2.490000009536743,2.569999933242798,2800,2.5899999141693115,2.5899999141693115,1.5809340476989746
24-06-2011,2.4000000953674316,2.4800000190734863,21100,2.4800000190734863,2.450000047683716,1.495478272438049
27-06-2011,2.4100000858306885,2.5,16400,2.509999990463257,2.4200000762939453,1.4771660566329956
28-06-2011,2.4700000286102295,2.5299999713897705,6000,2.5999999046325684,2.5999999046325684,1.5870381593704224
29-06-2011,2.549999952316284,2.619999885559082,7800,2.619999885559082,2.549999952316284,1.5565180778503418
30-06-2011,2.5999999046325684,2.6500000953674316,15300,2.6600000858306885,2.6600000858306885,1.6236618757247925
01-07-2011,2.700000047683716,2.700000047683716,6300,2.75,2.75,1.6785980463027954
05-07-2011,2.6500000953674316,2.7200000286102295,6400,2.75,2.75,1.6785980463027954
06-07-2011,2.5,2.5,4800,2.5799999237060547,2.5,1.5259981155395508
07-07-2011,2.450000047683716,2.5,89000,2.5199999809265137,2.4800000190734863,1.5137900114059448
08-07-2011,2.309999942779541,2.380000114440918,6000,2.390000104904175,2.390000104904175,1.4588541984558103
11-07-2011,2.119999885559082,2.1700000762939453,13400,2.180000066757202,2.180000066757202,1.3306703567504885
12-07-2011,2.180000066757202,2.2300000190734863,9100,2.25,2.25,1.3733983039855957
13-07-2011,2.2699999809265137,2.2699999809265137,8200,2.3499999046325684,2.3499999046325684,1.4344379901885986
14-07-2011,2.25,2.259999990463257,4500,2.299999952316284,2.299999952316284,1.4039183855056765
15-07-2011,2.200000047683716,2.259999990463257,35700,2.2699999809265137,2.25,1.3733983039855957
18-07-2011,2.049999952316284,2.130000114440918,16800,2.130000114440918,2.0999999046325684,1.281838297843933
19-07-2011,2.1700000762939453,2.2100000381469727,28100,2.2100000381469727,2.2100000381469727,1.3489822149276731
20-07-2011,2.299999952316284,2.3299999237060547,19800,2.369999885559082,2.319999933242798,1.4161262512207031
21-07-2011,2.5299999713897705,2.5299999713897705,16200,2.640000104904175,2.559999942779541,1.5626220703125
22-07-2011,2.490000009536743,2.569999933242798,6000,2.569999933242798,2.490000009536743,1.5198938846588137
25-07-2011,2.2799999713897705,2.309999942779541,4500,2.3399999141693115,2.2799999713897705,1.3917102813720703
26-07-2011,2.3399999141693115,2.3399999141693115,11100,2.440000057220459,2.390000104904175,1.4588541984558103
27-07-2011,2.2200000286102295,2.299999952316284,348800,2.299999952316284,2.2300000190734863,1.3611904382705688
28-07-2011,2.2899999618530273,2.309999942779541,10300,2.3499999046325684,2.2899999618530273,1.397814154624939
29-07-2011,2.240000009536743,2.240000009536743,5000,2.369999885559082,2.309999942779541,1.4100219011306765
01-08-2011,2.0899999141693115,2.1500000953674316,17300,2.1700000762939453,2.109999895095825,1.2879421710968018
02-08-2011,2.009999990463257,2.0799999237060547,944400,2.0799999237060547,2.009999990463257,1.2269023656845093
03-08-2011,1.940000057220459,2.0199999809265137,4125100,2.0199999809265137,1.9700000286102295,1.202486515045166
04-08-2011,1.659999966621399,1.8799999952316284,20200,1.899999976158142,1.659999966621399,1.0132626295089722
05-08-2011,1.830000042915344,1.830000042915344,9700,1.899999976158142,1.830000042915344,1.1170305013656616
08-08-2011,1.7999999523162842,1.8200000524520872,16200,1.840000033378601,1.7999999523162842,1.098718523979187
09-08-2011,1.7599999904632568,1.850000023841858,2000,1.850000023841858,1.7599999904632568,1.0743025541305542
10-08-2011,1.590000033378601,1.6799999475479126,21300,1.6799999475479126,1.590000033378601,0.9705348014831544
11-08-2011,1.659999966621399,1.659999966621399,37200,1.75,1.7000000476837158,1.0376787185668943
12-08-2011,1.7599999904632568,1.7599999904632568,400,1.7599999904632568,1.7599999904632568,1.0743025541305542
15-08-2011,1.830000042915344,1.830000042915344,4000,1.830000042915344,1.830000042915344,1.1170305013656616
16-08-2011,1.850000023841858,1.850000023841858,1000,1.850000023841858,1.850000023841858,1.129238486289978
17-08-2011,1.8700000047683716,1.8700000047683716,3500,1.8700000047683716,1.8700000047683716,1.141446590423584
18-08-2011,1.6799999475479126,1.6799999475479126,600,1.6799999475479126,1.6799999475479126,1.025470733642578
19-08-2011,1.6799999475479126,1.6799999475479126,0,1.6799999475479126,1.6799999475479126,1.025470733642578
22-08-2011,1.559999942779541,1.6100000143051147,5100,1.6100000143051147,1.559999942779541,0.9522229433059692
23-08-2011,1.5199999809265137,1.5199999809265137,2100,1.5800000429153442,1.5800000429153442,0.9644308686256408
24-08-2011,1.590000033378601,1.590000033378601,5800,1.590000033378601,1.590000033378601,0.9705348014831544
25-08-2011,1.6299999952316284,1.6299999952316284,1200,1.6299999952316284,1.6299999952316284,0.9949506521224976
26-08-2011,1.590000033378601,1.590000033378601,3400,1.6200000047683716,1.6200000047683716,0.988846719264984
29-08-2011,1.6799999475479126,1.6799999475479126,1900,1.6799999475479126,1.6799999475479126,1.025470733642578
30-08-2011,1.6100000143051147,1.6100000143051147,3200,1.6100000143051147,1.6100000143051147,0.9827427864074708
31-08-2011,1.6100000143051147,1.6100000143051147,200,1.6100000143051147,1.6100000143051147,0.9827427864074708
01-09-2011,1.6299999952316284,1.6299999952316284,6200,1.6299999952316284,1.6299999952316284,0.9949506521224976
02-09-2011,1.5499999523162842,1.5499999523162842,2000,1.5499999523162842,1.5499999523162842,0.9461185932159424
06-09-2011,1.3799999952316284,1.399999976158142,8100,1.600000023841858,1.5,0.9155988097190856
07-09-2011,1.4199999570846558,1.4199999570846558,300,1.4199999570846558,1.4199999570846558,0.8667669296264648
08-09-2011,1.4500000476837158,1.4500000476837158,1200,1.4500000476837158,1.4500000476837158,0.8850789666175842
09-09-2011,1.2799999713897705,1.340000033378601,1000,1.340000033378601,1.2799999713897705,0.78131103515625
12-09-2011,1.1799999475479126,1.1799999475479126,1600,1.1799999475479126,1.1799999475479126,0.720271110534668
13-09-2011,1.2400000095367432,1.2400000095367432,7300,1.3200000524520874,1.3200000524520874,0.8057270646095276
14-09-2011,1.3300000429153442,1.3300000429153442,5800,1.3300000429153442,1.3300000429153442,0.8118309378623962
15-09-2011,1.399999976158142,1.4299999475479126,1600,1.4299999475479126,1.399999976158142,0.8545588850975037
16-09-2011,1.399999976158142,1.440000057220459,2600,1.440000057220459,1.399999976158142,0.8545588850975037
19-09-2011,1.3300000429153442,1.3300000429153442,600,1.3300000429153442,1.3300000429153442,0.8118309378623962
20-09-2011,1.3300000429153442,1.3300000429153442,0,1.3300000429153442,1.3300000429153442,0.8118309378623962
21-09-2011,1.309999942779541,1.3200000524520874,6800,1.3200000524520874,1.309999942779541,0.7996230721473694
22-09-2011,1.2699999809265137,1.2699999809265137,400,1.2699999809265137,1.2699999809265137,0.7752069234848022
23-09-2011,1.340000033378601,1.340000033378601,1600,1.350000023841858,1.350000023841858,0.8240390419960022
26-09-2011,1.4199999570846558,1.4199999570846558,1100,1.4500000476837158,1.4500000476837158,0.8850789666175842
27-09-2011,1.559999942779541,1.559999942779541,500,1.559999942779541,1.559999942779541,0.9522229433059692
28-09-2011,1.5299999713897705,1.559999942779541,1200,1.559999942779541,1.5299999713897705,0.93391090631485
29-09-2011,1.5299999713897705,1.5299999713897705,0,1.5299999713897705,1.5299999713897705,0.93391090631485
30-09-2011,1.5700000524520874,1.5800000429153442,2800,1.5800000429153442,1.5700000524520874,0.9583269357681274
03-10-2011,1.5099999904632568,1.5299999713897705,22300,1.5299999713897705,1.5099999904632568,0.921702802181244
04-10-2011,1.4500000476837158,1.4500000476837158,2100,1.4500000476837158,1.4500000476837158,0.8850789666175842
05-10-2011,1.5299999713897705,1.5299999713897705,300,1.5299999713897705,1.5299999713897705,0.93391090631485
06-10-2011,1.5299999713897705,1.5299999713897705,0,1.5299999713897705,1.5299999713897705,0.93391090631485
07-10-2011,1.690000057220459,1.690000057220459,231800,1.690000057220459,1.690000057220459,1.0315747261047363
10-10-2011,1.690000057220459,1.690000057220459,0,1.690000057220459,1.690000057220459,1.0315747261047363
11-10-2011,1.7599999904632568,1.7599999904632568,5000,1.830000042915344,1.830000042915344,1.1170305013656616
12-10-2011,1.8799999952316284,1.8799999952316284,13100,1.8899999856948853,1.8899999856948853,1.1536545753479004
13-10-2011,1.7599999904632568,1.7799999713897705,1400,1.7899999618530271,1.7599999904632568,1.0743025541305542
14-10-2011,1.7799999713897705,1.7799999713897705,1500,1.7799999713897705,1.7799999713897705,1.0865106582641602
17-10-2011,1.6799999475479126,1.6799999475479126,500,1.6799999475479126,1.6799999475479126,1.025470733642578
18-10-2011,1.75,1.75,2000,1.7599999904632568,1.7599999904632568,1.0743025541305542
19-10-2011,1.809999942779541,1.8200000524520872,2900,1.8200000524520872,1.809999942779541,1.1048226356506348
20-10-2011,1.7000000476837158,1.7400000095367432,11500,1.7400000095367432,1.7100000381469729,1.0437828302383425
21-10-2011,1.7699999809265137,1.7699999809265137,1000,1.7899999618530271,1.7899999618530271,1.0926146507263184
24-10-2011,1.7899999618530271,1.7899999618530271,0,1.7899999618530271,1.7899999618530271,1.0926146507263184
25-10-2011,1.7300000190734863,1.7300000190734863,1600,1.7300000190734863,1.7300000190734863,1.0559906959533691
26-10-2011,1.7300000190734863,1.7300000190734863,0,1.7300000190734863,1.7300000190734863,1.0559906959533691
27-10-2011,1.950000047683716,1.9600000381469729,10300,2.0199999809265137,2.0199999809265137,1.233006715774536
28-10-2011,1.950000047683716,2.0,2600,2.0,1.950000047683716,1.1902785301208496
31-10-2011,1.950000047683716,1.950000047683716,0,1.950000047683716,1.950000047683716,1.1902785301208496
01-11-2011,1.4700000286102295,1.5299999713897705,10300,1.5299999713897705,1.4700000286102295,0.8972869515419006
02-11-2011,1.5399999618530271,1.5399999618530271,18800,1.5399999618530271,1.5399999618530271,0.9400148391723632
03-11-2011,1.5399999618530271,1.5399999618530271,0,1.5399999618530271,1.5399999618530271,0.9400148391723632
04-11-2011,1.5800000429153442,1.5800000429153442,500,1.5800000429153442,1.5800000429153442,0.9644308686256408
07-11-2011,1.5700000524520874,1.5700000524520874,1800,1.5700000524520874,1.5700000524520874,0.9583269357681274
08-11-2011,1.6299999952316284,1.6699999570846558,2700,1.6699999570846558,1.6299999952316284,0.9949506521224976
09-11-2011,1.5099999904632568,1.5099999904632568,23100,1.5499999523162842,1.5299999713897705,0.93391090631485
10-11-2011,1.5800000429153442,1.5800000429153442,1500,1.5800000429153442,1.5800000429153442,0.9644308686256408
11-11-2011,1.75,1.7599999904632568,4200,1.7599999904632568,1.75,1.0681986808776855
14-11-2011,1.659999966621399,1.659999966621399,2900,1.7100000381469729,1.659999966621399,1.0132626295089722
15-11-2011,1.6200000047683716,1.6200000047683716,300,1.6200000047683716,1.6200000047683716,0.988846719264984
16-11-2011,1.6200000047683716,1.6200000047683716,0,1.6200000047683716,1.6200000047683716,0.988846719264984
17-11-2011,1.5700000524520874,1.5700000524520874,5300,1.5700000524520874,1.5700000524520874,0.9583269357681274
18-11-2011,1.6299999952316284,1.6299999952316284,400,1.6699999570846558,1.6699999570846558,1.0193668603897097
21-11-2011,1.590000033378601,1.590000033378601,52300,1.590000033378601,1.590000033378601,0.9705348014831544
22-11-2011,1.4800000190734863,1.4900000095367432,7700,1.4900000095367432,1.4900000095367432,0.909494936466217
23-11-2011,1.409999966621399,1.4600000381469729,9600,1.4600000381469729,1.409999966621399,0.8606629371643066
25-11-2011,1.409999966621399,1.409999966621399,0,1.409999966621399,1.409999966621399,0.8606629371643066
28-11-2011,1.5,1.5199999809265137,1800,1.5199999809265137,1.5,0.9155988097190856
29-11-2011,1.5199999809265137,1.5399999618530271,13200,1.5399999618530271,1.5199999809265137,0.9278069734573364
30-11-2011,1.6200000047683716,1.6299999952316284,8100,1.6299999952316284,1.6200000047683716,0.988846719264984
01-12-2011,1.6399999856948853,1.6799999475479126,110900,1.7000000476837158,1.6399999856948853,1.001054763793945
02-12-2011,1.7100000381469729,1.7400000095367432,197000,1.7400000095367432,1.7100000381469729,1.0437828302383425
05-12-2011,1.7999999523162842,1.8200000524520872,9800,1.840000033378601,1.7999999523162842,1.098718523979187
06-12-2011,1.7799999713897705,1.8200000524520872,1700,1.8200000524520872,1.7799999713897705,1.0865106582641602
07-12-2011,1.7200000286102295,1.7200000286102295,729400,1.7200000286102295,1.7200000286102295,1.0498868227005005
08-12-2011,1.590000033378601,1.590000033378601,1500,1.590000033378601,1.590000033378601,0.9705348014831544
09-12-2011,1.659999966621399,1.659999966621399,2600,1.690000057220459,1.690000057220459,1.0315747261047363
12-12-2011,1.5800000429153442,1.5800000429153442,4400,1.5800000429153442,1.5800000429153442,0.9644308686256408
13-12-2011,1.5499999523162842,1.5499999523162842,600,1.5499999523162842,1.5499999523162842,0.9461185932159424
14-12-2011,1.5499999523162842,1.5499999523162842,0,1.5499999523162842,1.5499999523162842,0.9461185932159424
15-12-2011,1.5499999523162842,1.5499999523162842,0,1.5499999523162842,1.5499999523162842,0.9461185932159424
16-12-2011,1.5499999523162842,1.5499999523162842,0,1.5499999523162842,1.5499999523162842,0.9461185932159424
19-12-2011,1.5499999523162842,1.5499999523162842,0,1.5499999523162842,1.5499999523162842,0.9461185932159424
20-12-2011,1.649999976158142,1.649999976158142,15000,1.6799999475479126,1.6799999475479126,1.025470733642578
21-12-2011,1.6799999475479126,1.7200000286102295,36100,1.7200000286102295,1.7100000381469729,1.0437828302383425
22-12-2011,1.7300000190734863,1.7300000190734863,11900,1.7300000190734863,1.7300000190734863,1.0559906959533691
23-12-2011,1.7300000190734863,1.7300000190734863,0,1.7300000190734863,1.7300000190734863,1.0559906959533691
27-12-2011,1.6399999856948853,1.649999976158142,2900,1.649999976158142,1.6399999856948853,1.001054763793945
28-12-2011,1.6399999856948853,1.6399999856948853,6700,1.6399999856948853,1.6399999856948853,1.001054763793945
29-12-2011,1.649999976158142,1.649999976158142,21200,1.649999976158142,1.649999976158142,1.0071587562561035
30-12-2011,1.649999976158142,1.649999976158142,2000,1.649999976158142,1.649999976158142,1.0071587562561035
03-01-2012,1.7200000286102295,1.809999942779541,1500,1.809999942779541,1.7200000286102295,1.0498868227005005
04-01-2012,1.6399999856948853,1.6799999475479126,1200,1.6799999475479126,1.6399999856948853,1.001054763793945
05-01-2012,1.5199999809265137,1.5199999809265137,1300,1.5199999809265137,1.5199999809265137,0.9278069734573364
06-01-2012,1.4600000381469729,1.4600000381469729,500,1.4600000381469729,1.4600000381469729,0.8911830186843872
09-01-2012,1.4299999475479126,1.4299999475479126,2200,1.4299999475479126,1.4299999475479126,0.8728708624839783
10-01-2012,1.4800000190734863,1.5099999904632568,3800,1.5099999904632568,1.5,0.9155988097190856
11-01-2012,1.4900000095367432,1.4900000095367432,1100,1.5099999904632568,1.5099999904632568,0.921702802181244
12-01-2012,1.5099999904632568,1.5099999904632568,0,1.5099999904632568,1.5099999904632568,0.921702802181244
13-01-2012,1.559999942779541,1.559999942779541,6400,1.559999942779541,1.559999942779541,0.9522229433059692
17-01-2012,1.5800000429153442,1.5800000429153442,2100,1.5800000429153442,1.5800000429153442,0.9644308686256408
18-01-2012,1.6200000047683716,1.6200000047683716,2100,1.6200000047683716,1.6200000047683716,0.988846719264984
19-01-2012,1.7400000095367432,1.7400000095367432,1700,1.7400000095367432,1.7400000095367432,1.0620946884155271
20-01-2012,1.7799999713897705,1.7799999713897705,25300,1.7799999713897705,1.7799999713897705,1.0865106582641602
23-01-2012,1.8700000047683716,1.8700000047683716,4100,1.8700000047683716,1.8700000047683716,1.141446590423584
24-01-2012,1.8700000047683716,1.8700000047683716,0,1.8700000047683716,1.8700000047683716,1.141446590423584
25-01-2012,1.8700000047683716,1.8700000047683716,0,1.8700000047683716,1.8700000047683716,1.141446590423584
26-01-2012,1.950000047683716,1.950000047683716,1000,1.950000047683716,1.950000047683716,1.1902785301208496
27-01-2012,1.8899999856948853,1.8899999856948853,3300,1.899999976158142,1.899999976158142,1.159758687019348
30-01-2012,1.840000033378601,1.840000033378601,800,1.840000033378601,1.840000033378601,1.1231346130371094
31-01-2012,1.8799999952316284,1.8799999952316284,1000,1.8799999952316284,1.8799999952316284,1.1475507020950315
01-02-2012,1.8799999952316284,1.8799999952316284,0,1.8799999952316284,1.8799999952316284,1.1475507020950315
02-02-2012,2.0199999809265137,2.059999942779541,13500,2.059999942779541,2.0199999809265137,1.233006715774536
03-02-2012,2.0199999809265137,2.0199999809265137,0,2.0199999809265137,2.0199999809265137,1.233006715774536
06-02-2012,2.0,2.0399999618530273,7500,2.0399999618530273,2.0,1.2207984924316406
07-02-2012,2.0,2.0,0,2.0,2.0,1.2207984924316406
08-02-2012,2.0899999141693115,2.1500000953674316,5800,2.1500000953674316,2.0899999141693115,1.2757344245910645
09-02-2012,2.069999933242798,2.140000104904175,835700,2.140000104904175,2.069999933242798,1.2635265588760376
10-02-2012,2.0,2.0,1600,2.0,2.0,1.2207984924316406
13-02-2012,1.950000047683716,1.950000047683716,400,1.950000047683716,1.950000047683716,1.1902785301208496
14-02-2012,1.950000047683716,1.950000047683716,0,1.950000047683716,1.950000047683716,1.1902785301208496
15-02-2012,1.9299999475479128,1.9299999475479128,300,1.9299999475479128,1.9299999475479128,1.1780705451965332
16-02-2012,2.0,2.0,3000,2.0,2.0,1.2207984924316406
17-02-2012,2.0,2.0799999237060547,1700,2.0799999237060547,2.0,1.2207984924316406
21-02-2012,2.0,2.0,1100,2.0,2.0,1.2207984924316406
22-02-2012,2.0,2.0,0,2.0,2.0,1.2207984924316406
23-02-2012,1.899999976158142,1.909999966621399,15900,1.909999966621399,1.899999976158142,1.159758687019348
24-02-2012,1.899999976158142,1.899999976158142,0,1.899999976158142,1.899999976158142,1.159758687019348
27-02-2012,1.899999976158142,1.899999976158142,0,1.899999976158142,1.899999976158142,1.159758687019348
28-02-2012,1.9600000381469729,1.9600000381469729,1600,1.9600000381469729,1.9600000381469729,1.1963824033737185
29-02-2012,1.9299999475479128,1.9299999475479128,1500,1.9299999475479128,1.9299999475479128,1.1780705451965332
01-03-2012,1.9299999475479128,1.9299999475479128,0,1.9299999475479128,1.9299999475479128,1.1780705451965332
02-03-2012,1.9299999475479128,1.9299999475479128,0,1.9299999475479128,1.9299999475479128,1.1780705451965332
05-03-2012,1.9299999475479128,1.9299999475479128,0,1.9299999475479128,1.9299999475479128,1.1780705451965332
06-03-2012,1.850000023841858,1.850000023841858,200,1.850000023841858,1.850000023841858,1.129238486289978
07-03-2012,1.850000023841858,1.850000023841858,0,1.850000023841858,1.850000023841858,1.129238486289978
08-03-2012,1.850000023841858,1.850000023841858,0,1.850000023841858,1.850000023841858,1.129238486289978
09-03-2012,1.899999976158142,1.899999976158142,600,1.899999976158142,1.899999976158142,1.159758687019348
12-03-2012,1.8700000047683716,1.8700000047683716,700,1.8700000047683716,1.8700000047683716,1.141446590423584
13-03-2012,1.8700000047683716,1.8700000047683716,0,1.8700000047683716,1.8700000047683716,1.141446590423584
14-03-2012,1.919999957084656,1.919999957084656,500,1.919999957084656,1.919999957084656,1.1719666719436646
15-03-2012,1.919999957084656,1.919999957084656,0,1.919999957084656,1.919999957084656,1.1719666719436646
16-03-2012,2.0299999713897705,2.0299999713897705,1100,2.0299999713897705,2.0299999713897705,1.2391103506088257
19-03-2012,2.0399999618530273,2.0399999618530273,1100,2.0399999618530273,2.0399999618530273,1.2452142238616943
20-03-2012,2.0,2.049999952316284,1400,2.049999952316284,2.0,1.2207984924316406
21-03-2012,1.9600000381469729,1.9600000381469729,57200,1.9600000381469729,1.9600000381469729,1.1963824033737185
22-03-2012,1.9600000381469729,1.9600000381469729,0,1.9600000381469729,1.9600000381469729,1.1963824033737185
23-03-2012,1.9299999475479128,1.9299999475479128,1600,1.9299999475479128,1.9299999475479128,1.1780705451965332
26-03-2012,1.919999957084656,1.919999957084656,500,1.919999957084656,1.919999957084656,1.1719666719436646
27-03-2012,1.8899999856948853,1.8899999856948853,700,1.8899999856948853,1.8899999856948853,1.1536545753479004
28-03-2012,1.899999976158142,1.899999976158142,4800,1.899999976158142,1.899999976158142,1.159758687019348
29-03-2012,1.899999976158142,1.899999976158142,0,1.899999976158142,1.899999976158142,1.159758687019348
30-03-2012,1.899999976158142,1.899999976158142,0,1.899999976158142,1.899999976158142,1.159758687019348
02-04-2012,1.899999976158142,1.899999976158142,0,1.899999976158142,1.899999976158142,1.159758687019348
03-04-2012,1.899999976158142,1.899999976158142,0,1.899999976158142,1.899999976158142,1.159758687019348
04-04-2012,1.899999976158142,1.899999976158142,0,1.899999976158142,1.899999976158142,1.159758687019348
05-04-2012,1.899999976158142,1.899999976158142,0,1.899999976158142,1.899999976158142,1.159758687019348
09-04-2012,1.5700000524520874,1.5700000524520874,1300,1.5700000524520874,1.5700000524520874,0.9583269357681274
10-04-2012,1.4700000286102295,1.4700000286102295,600,1.4700000286102295,1.4700000286102295,0.8972869515419006
11-04-2012,1.4700000286102295,1.4700000286102295,0,1.4700000286102295,1.4700000286102295,0.8972869515419006
12-04-2012,1.590000033378601,1.590000033378601,2100,1.590000033378601,1.590000033378601,0.9705348014831544
13-04-2012,1.5,1.5,1500,1.5,1.5,0.9155988097190856
16-04-2012,1.5,1.5,0,1.5,1.5,0.9155988097190856
17-04-2012,1.6100000143051147,1.6100000143051147,1100,1.6100000143051147,1.6100000143051147,0.9827427864074708
18-04-2012,1.5299999713897705,1.5299999713897705,800,1.5299999713897705,1.5299999713897705,0.93391090631485
19-04-2012,1.4800000190734863,1.4800000190734863,3300,1.4800000190734863,1.4800000190734863,0.9033907651901244
20-04-2012,1.4800000190734863,1.4800000190734863,0,1.4800000190734863,1.4800000190734863,0.9033907651901244
23-04-2012,1.3899999856948853,1.3899999856948853,5900,1.3899999856948853,1.3899999856948853,0.8484549522399902
24-04-2012,1.4500000476837158,1.4500000476837158,1000,1.4500000476837158,1.4500000476837158,0.8850789666175842
25-04-2012,1.5099999904632568,1.5199999809265137,7800,1.5199999809265137,1.5099999904632568,0.921702802181244
26-04-2012,1.4900000095367432,1.4900000095367432,300,1.4900000095367432,1.4900000095367432,0.909494936466217
27-04-2012,1.4900000095367432,1.4900000095367432,0,1.4900000095367432,1.4900000095367432,0.909494936466217
30-04-2012,1.4900000095367432,1.4900000095367432,0,1.4900000095367432,1.4900000095367432,0.909494936466217
01-05-2012,1.5,1.5,1400,1.5,1.5,0.9155988097190856
02-05-2012,1.5,1.5,0,1.5,1.5,0.9155988097190856
03-05-2012,1.3700000047683716,1.3799999952316284,17000,1.3799999952316284,1.3700000047683716,0.8362469673156738
04-05-2012,1.3700000047683716,1.3700000047683716,0,1.3700000047683716,1.3700000047683716,0.8362469673156738
07-05-2012,1.409999966621399,1.409999966621399,1300,1.409999966621399,1.409999966621399,0.8606629371643066
08-05-2012,1.340000033378601,1.3799999952316284,3000,1.3799999952316284,1.340000033378601,0.8179349899291992
09-05-2012,1.309999942779541,1.309999942779541,2900,1.309999942779541,1.309999942779541,0.7996230721473694
10-05-2012,1.4199999570846558,1.4199999570846558,600,1.4199999570846558,1.4199999570846558,0.8667669296264648
11-05-2012,1.3700000047683716,1.3799999952316284,36700,1.3799999952316284,1.3700000047683716,0.8362469673156738
14-05-2012,1.2999999523162842,1.2999999523162842,400,1.2999999523162842,1.2999999523162842,0.7935190796852112
15-05-2012,1.2400000095367432,1.2699999809265137,1000,1.2699999809265137,1.2400000095367432,0.7568950057029724
16-05-2012,1.2400000095367432,1.2400000095367432,300,1.2400000095367432,1.2400000095367432,0.7568950057029724
17-05-2012,1.2400000095367432,1.2400000095367432,4200,1.2400000095367432,1.2400000095367432,0.7568950057029724
18-05-2012,1.25,1.25,12000,1.2899999618530271,1.2899999618530271,0.7874149680137634
21-05-2012,1.2899999618530271,1.2899999618530271,3600,1.2899999618530271,1.2899999618530271,0.7874149680137634
22-05-2012,1.350000023841858,1.350000023841858,400,1.350000023841858,1.350000023841858,0.8240390419960022
23-05-2012,1.350000023841858,1.350000023841858,0,1.350000023841858,1.350000023841858,0.8240390419960022
24-05-2012,1.2699999809265137,1.3200000524520874,4000,1.3200000524520874,1.2699999809265137,0.7752069234848022
25-05-2012,1.2799999713897705,1.2799999713897705,2500,1.2799999713897705,1.2799999713897705,0.78131103515625
29-05-2012,1.2799999713897705,1.2799999713897705,2000,1.2799999713897705,1.2799999713897705,0.78131103515625
30-05-2012,1.2200000286102295,1.2300000190734863,12600,1.2699999809265137,1.2200000286102295,0.7446871399879456
31-05-2012,1.2200000286102295,1.2200000286102295,19000,1.2599999904632568,1.2200000286102295,0.7446871399879456
01-06-2012,1.2000000476837158,1.2000000476837158,1000,1.2000000476837158,1.2000000476837158,0.7324791550636292
04-06-2012,1.2999999523162842,1.2999999523162842,34300,1.350000023841858,1.2999999523162842,0.7935190796852112
05-06-2012,1.309999942779541,1.309999942779541,8800,1.3200000524520874,1.3200000524520874,0.8057270646095276
06-06-2012,1.3600000143051147,1.3600000143051147,2400,1.3600000143051147,1.3600000143051147,0.8301430344581604
07-06-2012,1.3600000143051147,1.3600000143051147,0,1.3600000143051147,1.3600000143051147,0.8301430344581604
08-06-2012,1.350000023841858,1.350000023841858,500,1.350000023841858,1.350000023841858,0.8240390419960022
11-06-2012,1.2899999618530271,1.2899999618530271,2300,1.2899999618530271,1.2899999618530271,0.7874149680137634
12-06-2012,1.2200000286102295,1.2799999713897705,5200,1.2799999713897705,1.2300000190734863,0.750791072845459
13-06-2012,1.2300000190734863,1.2300000190734863,900,1.2300000190734863,1.2300000190734863,0.750791072845459
14-06-2012,1.2300000190734863,1.2300000190734863,0,1.2300000190734863,1.2300000190734863,0.750791072845459
15-06-2012,1.2999999523162842,1.2999999523162842,700,1.2999999523162842,1.2999999523162842,0.7935190796852112
18-06-2012,1.2300000190734863,1.2400000095367432,6500,1.2599999904632568,1.2599999904632568,0.7691029906272888
19-06-2012,1.2699999809265137,1.2699999809265137,8200,1.2999999523162842,1.2899999618530271,0.7874149680137634
20-06-2012,1.2999999523162842,1.2999999523162842,3900,1.2999999523162842,1.2999999523162842,0.7935190796852112
21-06-2012,1.2999999523162842,1.2999999523162842,300,1.2999999523162842,1.2999999523162842,0.7935190796852112
22-06-2012,1.2999999523162842,1.2999999523162842,1300,1.2999999523162842,1.2999999523162842,0.7935190796852112
25-06-2012,1.2000000476837158,1.2000000476837158,5000,1.25,1.2300000190734863,0.750791072845459
26-06-2012,1.2300000190734863,1.2300000190734863,0,1.2300000190734863,1.2300000190734863,0.750791072845459
27-06-2012,1.2300000190734863,1.2300000190734863,0,1.2300000190734863,1.2300000190734863,0.750791072845459
28-06-2012,1.2100000381469729,1.2100000381469729,1800,1.2200000286102295,1.2200000286102295,0.7446871399879456
29-06-2012,1.399999976158142,1.399999976158142,31800,1.440000057220459,1.4299999475479126,0.8728708624839783
02-07-2012,1.4299999475479126,1.4299999475479126,0,1.4299999475479126,1.4299999475479126,0.8728708624839783
03-07-2012,1.399999976158142,1.399999976158142,400,1.399999976158142,1.399999976158142,0.8545588850975037
05-07-2012,1.2699999809265137,1.309999942779541,8400,1.309999942779541,1.309999942779541,0.7996230721473694
06-07-2012,1.2300000190734863,1.2300000190734863,1800,1.2300000190734863,1.2300000190734863,0.750791072845459
09-07-2012,1.25,1.25,31700,1.25,1.25,0.7629990577697754
10-07-2012,1.2300000190734863,1.2300000190734863,11100,1.2300000190734863,1.2300000190734863,0.750791072845459
11-07-2012,1.2300000190734863,1.2300000190734863,0,1.2300000190734863,1.2300000190734863,0.750791072845459
12-07-2012,1.2699999809265137,1.2699999809265137,2000,1.2699999809265137,1.2699999809265137,0.7752069234848022
13-07-2012,1.25,1.25,600,1.25,1.25,0.7629990577697754
16-07-2012,1.25,1.25,0,1.25,1.25,0.7629990577697754
17-07-2012,1.1699999570846558,1.1799999475479126,10300,1.1799999475479126,1.1699999570846558,0.7141671776771545
18-07-2012,1.1699999570846558,1.1699999570846558,0,1.1699999570846558,1.1699999570846558,0.7141671776771545
19-07-2012,1.2100000381469729,1.2100000381469729,132400,1.25,1.25,0.7629990577697754
20-07-2012,1.1200000047683716,1.1200000047683716,4100,1.1200000047683716,1.1200000047683716,0.683647096157074
23-07-2012,1.1100000143051147,1.1100000143051147,1000,1.1200000047683716,1.1200000047683716,0.683647096157074
24-07-2012,1.0399999618530271,1.0399999618530271,1600,1.0399999618530271,1.0399999618530271,0.6348152160644531
25-07-2012,1.100000023841858,1.100000023841858,700,1.100000023841858,1.100000023841858,0.6714390516281128
26-07-2012,1.190000057220459,1.190000057220459,4900,1.2100000381469729,1.2100000381469729,0.7385830283164978
27-07-2012,1.2100000381469729,1.2400000095367432,2400,1.2400000095367432,1.2100000381469729,0.7385830283164978
30-07-2012,1.2799999713897705,1.2799999713897705,600,1.2799999713897705,1.2799999713897705,0.78131103515625
31-07-2012,1.2599999904632568,1.2599999904632568,200,1.2599999904632568,1.2599999904632568,0.7691029906272888
01-08-2012,1.2400000095367432,1.2400000095367432,1300,1.2400000095367432,1.2400000095367432,0.7568950057029724
02-08-2012,1.100000023841858,1.1799999475479126,10200,1.1799999475479126,1.100000023841858,0.6714390516281128
03-08-2012,1.25,1.25,2900,1.2799999713897705,1.2799999713897705,0.78131103515625
06-08-2012,1.350000023841858,1.350000023841858,2400,1.350000023841858,1.350000023841858,0.8240390419960022
07-08-2012,1.409999966621399,1.409999966621399,500,1.409999966621399,1.409999966621399,0.8606629371643066
08-08-2012,1.409999966621399,1.409999966621399,0,1.409999966621399,1.409999966621399,0.8606629371643066
09-08-2012,1.3600000143051147,1.409999966621399,1700,1.409999966621399,1.3600000143051147,0.8301430344581604
10-08-2012,1.3200000524520874,1.3200000524520874,410000,1.3600000143051147,1.3600000143051147,0.8301430344581604
13-08-2012,1.350000023841858,1.350000023841858,400,1.350000023841858,1.350000023841858,0.8240390419960022
14-08-2012,1.350000023841858,1.3899999856948853,12000,1.3899999856948853,1.350000023841858,0.8240390419960022
15-08-2012,1.340000033378601,1.340000033378601,6300,1.340000033378601,1.340000033378601,0.8179349899291992
16-08-2012,1.4700000286102295,1.4700000286102295,27300,1.4700000286102295,1.4700000286102295,0.8972869515419006
17-08-2012,1.4199999570846558,1.440000057220459,31400,1.440000057220459,1.4199999570846558,0.8667669296264648
20-08-2012,1.4199999570846558,1.4199999570846558,0,1.4199999570846558,1.4199999570846558,0.8667669296264648
21-08-2012,1.5,1.5,88500,1.5,1.5,0.9155988097190856
22-08-2012,1.5,1.5,0,1.5,1.5,0.9155988097190856
23-08-2012,1.5,1.5,900,1.5,1.5,0.9155988097190856
24-08-2012,1.4800000190734863,1.4800000190734863,8500,1.4800000190734863,1.4800000190734863,0.9033907651901244
27-08-2012,1.5499999523162842,1.5499999523162842,500,1.5499999523162842,1.5499999523162842,0.9461185932159424
28-08-2012,1.5099999904632568,1.5099999904632568,1900,1.5099999904632568,1.5099999904632568,0.921702802181244
29-08-2012,1.5,1.5,3500,1.5,1.5,0.9155988097190856
30-08-2012,1.4800000190734863,1.4800000190734863,700,1.4800000190734863,1.4800000190734863,0.9033907651901244
31-08-2012,1.4800000190734863,1.4800000190734863,0,1.4800000190734863,1.4800000190734863,0.9033907651901244
04-09-2012,1.559999942779541,1.559999942779541,400,1.559999942779541,1.559999942779541,0.9522229433059692
05-09-2012,1.5700000524520874,1.5700000524520874,40100,1.5700000524520874,1.5700000524520874,0.9583269357681274
06-09-2012,1.6699999570846558,1.6799999475479126,4500,1.690000057220459,1.6699999570846558,1.0193668603897097
07-09-2012,1.7000000476837158,1.7000000476837158,800,1.7000000476837158,1.7000000476837158,1.0376787185668943
10-09-2012,1.7100000381469729,1.7100000381469729,1100,1.7100000381469729,1.7100000381469729,1.0437828302383425
11-09-2012,1.7200000286102295,1.7200000286102295,900,1.7200000286102295,1.7200000286102295,1.0498868227005005
12-09-2012,1.7200000286102295,1.7200000286102295,0,1.7200000286102295,1.7200000286102295,1.0498868227005005
13-09-2012,1.7400000095367432,1.7400000095367432,1500,1.7400000095367432,1.7400000095367432,1.0620946884155271
14-09-2012,1.75,1.75,900,1.75,1.75,1.0681986808776855
17-09-2012,1.7400000095367432,1.75,1200,1.75,1.7400000095367432,1.0620946884155271
18-09-2012,1.6399999856948853,1.6399999856948853,3000,1.6399999856948853,1.6399999856948853,1.001054763793945
19-09-2012,1.6399999856948853,1.6399999856948853,0,1.6399999856948853,1.6399999856948853,1.001054763793945
20-09-2012,1.6399999856948853,1.6399999856948853,0,1.6399999856948853,1.6399999856948853,1.001054763793945
21-09-2012,1.6399999856948853,1.6399999856948853,0,1.6399999856948853,1.6399999856948853,1.001054763793945
24-09-2012,1.600000023841858,1.600000023841858,10000,1.600000023841858,1.600000023841858,0.9766387343406676
25-09-2012,1.6399999856948853,1.6399999856948853,4400,1.6399999856948853,1.6399999856948853,1.001054763793945
26-09-2012,1.6399999856948853,1.6399999856948853,0,1.6399999856948853,1.6399999856948853,1.001054763793945
27-09-2012,1.5499999523162842,1.5499999523162842,1200,1.5499999523162842,1.5499999523162842,0.9461185932159424
28-09-2012,1.5499999523162842,1.5499999523162842,0,1.5499999523162842,1.5499999523162842,0.9461185932159424
01-10-2012,1.5499999523162842,1.5499999523162842,0,1.5499999523162842,1.5499999523162842,0.9461185932159424
02-10-2012,1.5499999523162842,1.5499999523162842,0,1.5499999523162842,1.5499999523162842,0.9461185932159424
03-10-2012,1.590000033378601,1.590000033378601,1300,1.590000033378601,1.590000033378601,0.9705348014831544
04-10-2012,1.6100000143051147,1.6100000143051147,600,1.6100000143051147,1.6100000143051147,0.9827427864074708
05-10-2012,1.6699999570846558,1.6699999570846558,800,1.6699999570846558,1.6699999570846558,1.0193668603897097
08-10-2012,1.6699999570846558,1.6699999570846558,0,1.6699999570846558,1.6699999570846558,1.0193668603897097
09-10-2012,1.6399999856948853,1.6399999856948853,400,1.6399999856948853,1.6399999856948853,1.001054763793945
10-10-2012,1.5700000524520874,1.5700000524520874,300,1.5700000524520874,1.5700000524520874,0.9583269357681274
11-10-2012,1.6299999952316284,1.6299999952316284,3000,1.6299999952316284,1.6299999952316284,0.9949506521224976
12-10-2012,1.6299999952316284,1.6299999952316284,0,1.6299999952316284,1.6299999952316284,0.9949506521224976
15-10-2012,1.6200000047683716,1.6200000047683716,200,1.6200000047683716,1.6200000047683716,0.988846719264984
16-10-2012,1.6200000047683716,1.6200000047683716,0,1.6200000047683716,1.6200000047683716,0.988846719264984
17-10-2012,1.7599999904632568,1.7599999904632568,1100,1.7599999904632568,1.7599999904632568,1.0743025541305542
18-10-2012,1.7300000190734863,1.7300000190734863,2600,1.75,1.75,1.0681986808776855
19-10-2012,1.7000000476837158,1.7000000476837158,1200,1.7000000476837158,1.7000000476837158,1.0376787185668943
22-10-2012,1.7100000381469729,1.7100000381469729,4000,1.7100000381469729,1.7100000381469729,1.0437828302383425
23-10-2012,1.7100000381469729,1.7100000381469729,0,1.7100000381469729,1.7100000381469729,1.0437828302383425
24-10-2012,1.7100000381469729,1.7100000381469729,0,1.7100000381469729,1.7100000381469729,1.0437828302383425
25-10-2012,1.7100000381469729,1.7100000381469729,0,1.7100000381469729,1.7100000381469729,1.0437828302383425
26-10-2012,1.649999976158142,1.649999976158142,2000,1.649999976158142,1.649999976158142,1.0071587562561035
31-10-2012,1.649999976158142,1.649999976158142,0,1.649999976158142,1.649999976158142,1.0071587562561035
01-11-2012,1.649999976158142,1.649999976158142,0,1.649999976158142,1.649999976158142,1.0071587562561035
02-11-2012,1.600000023841858,1.600000023841858,2600,1.600000023841858,1.600000023841858,0.9766387343406676
05-11-2012,1.5700000524520874,1.5700000524520874,4500,1.5700000524520874,1.5700000524520874,0.9583269357681274
06-11-2012,1.5700000524520874,1.5700000524520874,0,1.5700000524520874,1.5700000524520874,0.9583269357681274
07-11-2012,1.5700000524520874,1.5700000524520874,0,1.5700000524520874,1.5700000524520874,0.9583269357681274
08-11-2012,1.5299999713897705,1.5299999713897705,900,1.5299999713897705,1.5299999713897705,0.93391090631485
09-11-2012,1.5299999713897705,1.5299999713897705,0,1.5299999713897705,1.5299999713897705,0.93391090631485
12-11-2012,1.5,1.5,600,1.5,1.5,0.9155988097190856
13-11-2012,1.5,1.5,0,1.5,1.5,0.9155988097190856
14-11-2012,1.5499999523162842,1.5499999523162842,1400,1.5499999523162842,1.5499999523162842,0.9461185932159424
15-11-2012,1.5499999523162842,1.5499999523162842,800,1.5499999523162842,1.5499999523162842,0.9461185932159424
16-11-2012,1.4900000095367432,1.5099999904632568,4700,1.5099999904632568,1.4900000095367432,0.909494936466217
19-11-2012,1.559999942779541,1.559999942779541,1000,1.559999942779541,1.559999942779541,0.9522229433059692
20-11-2012,1.5399999618530271,1.5399999618530271,400,1.5399999618530271,1.5399999618530271,0.9400148391723632
21-11-2012,1.590000033378601,1.590000033378601,900,1.590000033378601,1.590000033378601,0.9705348014831544
23-11-2012,1.590000033378601,1.590000033378601,0,1.590000033378601,1.590000033378601,0.9705348014831544
26-11-2012,1.6100000143051147,1.6100000143051147,2100,1.6100000143051147,1.6100000143051147,0.9827427864074708
27-11-2012,1.600000023841858,1.600000023841858,75000,1.600000023841858,1.600000023841858,0.9766387343406676
28-11-2012,1.590000033378601,1.590000033378601,400,1.590000033378601,1.590000033378601,0.9705348014831544
29-11-2012,1.659999966621399,1.6699999570846558,2400,1.6699999570846558,1.659999966621399,1.0132626295089722
30-11-2012,1.659999966621399,1.659999966621399,0,1.659999966621399,1.659999966621399,1.0132626295089722
03-12-2012,1.659999966621399,1.659999966621399,0,1.659999966621399,1.659999966621399,1.0132626295089722
04-12-2012,1.7200000286102295,1.7200000286102295,500,1.7200000286102295,1.7200000286102295,1.0498868227005005
05-12-2012,1.690000057220459,1.690000057220459,23500,1.690000057220459,1.690000057220459,1.0315747261047363
06-12-2012,1.659999966621399,1.659999966621399,3300,1.659999966621399,1.659999966621399,1.0132626295089722
07-12-2012,1.6299999952316284,1.6299999952316284,800,1.6399999856948853,1.6399999856948853,1.001054763793945
10-12-2012,1.5399999618530271,1.5399999618530271,2400,1.5499999523162842,1.5499999523162842,0.9461185932159424
11-12-2012,1.590000033378601,1.600000023841858,252400,1.600000023841858,1.590000033378601,0.9705348014831544
12-12-2012,1.6200000047683716,1.6200000047683716,1500,1.6200000047683716,1.6200000047683716,0.988846719264984
13-12-2012,1.6799999475479126,1.6799999475479126,45400,1.6799999475479126,1.6799999475479126,1.025470733642578
14-12-2012,1.6799999475479126,1.6799999475479126,0,1.6799999475479126,1.6799999475479126,1.025470733642578
17-12-2012,1.6699999570846558,1.6699999570846558,444500,1.690000057220459,1.6699999570846558,1.0193668603897097
18-12-2012,1.7000000476837158,1.7000000476837158,29600,1.75,1.75,1.0681986808776855
19-12-2012,1.7400000095367432,1.7400000095367432,3300,1.75,1.75,1.0681986808776855
20-12-2012,1.7100000381469729,1.7200000286102295,6100,1.7200000286102295,1.7100000381469729,1.0437828302383425
21-12-2012,1.6799999475479126,1.7000000476837158,13400,1.7000000476837158,1.6799999475479126,1.025470733642578
24-12-2012,1.6799999475479126,1.690000057220459,3400,1.690000057220459,1.6799999475479126,1.025470733642578
26-12-2012,1.690000057220459,1.690000057220459,1100,1.690000057220459,1.690000057220459,1.0315747261047363
27-12-2012,1.7000000476837158,1.7000000476837158,10000,1.7799999713897705,1.7200000286102295,1.0498868227005005
28-12-2012,1.7100000381469729,1.7100000381469729,800,1.7100000381469729,1.7100000381469729,1.0437828302383425
31-12-2012,1.7000000476837158,1.7000000476837158,1800,1.7000000476837158,1.7000000476837158,1.0376787185668943
02-01-2013,1.7000000476837158,1.7000000476837158,0,1.7000000476837158,1.7000000476837158,1.0376787185668943
03-01-2013,1.7000000476837158,1.7000000476837158,0,1.7000000476837158,1.7000000476837158,1.0376787185668943
04-01-2013,1.7000000476837158,1.7000000476837158,0,1.7000000476837158,1.7000000476837158,1.0376787185668943
07-01-2013,1.7000000476837158,1.7000000476837158,0,1.7000000476837158,1.7000000476837158,1.0376787185668943
08-01-2013,1.809999942779541,1.809999942779541,300,1.809999942779541,1.809999942779541,1.1048226356506348
09-01-2013,1.8600000143051147,1.8899999856948853,1600,1.8899999856948853,1.8600000143051147,1.1353424787521362
10-01-2013,1.9299999475479128,1.9299999475479128,1400,1.9299999475479128,1.9299999475479128,1.1780705451965332
11-01-2013,1.9700000286102295,1.9700000286102295,800,1.9700000286102295,1.9700000286102295,1.202486515045166
14-01-2013,1.9700000286102295,1.9700000286102295,0,1.9700000286102295,1.9700000286102295,1.202486515045166
15-01-2013,1.9700000286102295,1.9700000286102295,0,1.9700000286102295,1.9700000286102295,1.202486515045166
16-01-2013,1.9700000286102295,1.9700000286102295,0,1.9700000286102295,1.9700000286102295,1.202486515045166
17-01-2013,1.9700000286102295,1.9700000286102295,0,1.9700000286102295,1.9700000286102295,1.202486515045166
18-01-2013,1.9800000190734863,1.9800000190734863,13400,1.9800000190734863,1.9800000190734863,1.2085905075073242
22-01-2013,2.0399999618530273,2.0399999618530273,2500,2.0399999618530273,2.0399999618530273,1.2452142238616943
23-01-2013,1.950000047683716,1.950000047683716,900,1.950000047683716,1.950000047683716,1.1902785301208496
24-01-2013,1.9800000190734863,1.9800000190734863,19900,1.9800000190734863,1.9800000190734863,1.2085905075073242
25-01-2013,1.9600000381469729,2.0299999713897705,23400,2.0299999713897705,1.9700000286102295,1.202486515045166
28-01-2013,2.0199999809265137,2.0199999809265137,600,2.0199999809265137,2.0199999809265137,1.233006715774536
29-01-2013,2.0299999713897705,2.0299999713897705,34900,2.0299999713897705,2.0299999713897705,1.2391103506088257
30-01-2013,2.0299999713897705,2.0299999713897705,0,2.0299999713897705,2.0299999713897705,1.2391103506088257
31-01-2013,2.0299999713897705,2.0299999713897705,0,2.0299999713897705,2.0299999713897705,1.2391103506088257
01-02-2013,2.0299999713897705,2.0299999713897705,0,2.0299999713897705,2.0299999713897705,1.2391103506088257
04-02-2013,2.0299999713897705,2.0299999713897705,0,2.0299999713897705,2.0299999713897705,1.2391103506088257
05-02-2013,1.8799999952316284,1.8799999952316284,2900,1.940000057220459,1.940000057220459,1.1841747760772705
06-02-2013,1.840000033378601,1.840000033378601,5000,1.8600000143051147,1.8600000143051147,1.1353424787521362
07-02-2013,1.8600000143051147,1.8600000143051147,0,1.8600000143051147,1.8600000143051147,1.1353424787521362
08-02-2013,1.850000023841858,1.850000023841858,1000,1.850000023841858,1.850000023841858,1.129238486289978
11-02-2013,1.850000023841858,1.850000023841858,1000,1.850000023841858,1.850000023841858,1.129238486289978
12-02-2013,1.8700000047683716,1.8700000047683716,1200,1.8700000047683716,1.8700000047683716,1.141446590423584
13-02-2013,1.909999966621399,1.909999966621399,23000,1.909999966621399,1.909999966621399,1.1658624410629272
14-02-2013,1.909999966621399,1.909999966621399,0,1.909999966621399,1.909999966621399,1.1658624410629272
15-02-2013,1.809999942779541,1.830000042915344,7800,1.830000042915344,1.809999942779541,1.1048226356506348
19-02-2013,1.809999942779541,1.809999942779541,0,1.809999942779541,1.809999942779541,1.1048226356506348
20-02-2013,1.809999942779541,1.809999942779541,300,1.809999942779541,1.809999942779541,1.1048226356506348
21-02-2013,1.7300000190734863,1.7300000190734863,900,1.7300000190734863,1.7300000190734863,1.0559906959533691
22-02-2013,1.75,1.75,3800,1.75,1.75,1.0681986808776855
25-02-2013,1.75,1.75,0,1.75,1.75,1.0681986808776855
26-02-2013,1.5800000429153442,1.6699999570846558,13000,1.6699999570846558,1.5800000429153442,0.9644308686256408
27-02-2013,1.5800000429153442,1.5800000429153442,0,1.5800000429153442,1.5800000429153442,0.9644308686256408
28-02-2013,1.600000023841858,1.600000023841858,6100,1.659999966621399,1.6100000143051147,0.9827427864074708
01-03-2013,1.5800000429153442,1.5800000429153442,13200,1.5800000429153442,1.5800000429153442,0.9644308686256408
04-03-2013,1.5800000429153442,1.5800000429153442,0,1.5800000429153442,1.5800000429153442,0.9644308686256408
05-03-2013,1.6399999856948853,1.6399999856948853,1700,1.6399999856948853,1.6399999856948853,1.001054763793945
06-03-2013,1.6399999856948853,1.6399999856948853,0,1.6399999856948853,1.6399999856948853,1.001054763793945
07-03-2013,1.6100000143051147,1.6100000143051147,800,1.6100000143051147,1.6100000143051147,0.9827427864074708
08-03-2013,1.6200000047683716,1.6200000047683716,5100,1.6200000047683716,1.6200000047683716,0.988846719264984
11-03-2013,1.6100000143051147,1.6100000143051147,700,1.6100000143051147,1.6100000143051147,0.9827427864074708
12-03-2013,1.6299999952316284,1.6299999952316284,1200,1.6299999952316284,1.6299999952316284,0.9949506521224976
13-03-2013,1.5800000429153442,1.5800000429153442,1600,1.5800000429153442,1.5800000429153442,0.9644308686256408
14-03-2013,1.5800000429153442,1.5800000429153442,0,1.5800000429153442,1.5800000429153442,0.9644308686256408
15-03-2013,1.5800000429153442,1.5800000429153442,0,1.5800000429153442,1.5800000429153442,0.9644308686256408
18-03-2013,1.5800000429153442,1.5800000429153442,0,1.5800000429153442,1.5800000429153442,0.9644308686256408
19-03-2013,1.4700000286102295,1.5299999713897705,59300,1.5299999713897705,1.4700000286102295,0.8972869515419006
20-03-2013,1.5299999713897705,1.5299999713897705,1600,1.5299999713897705,1.5299999713897705,0.93391090631485
21-03-2013,1.5399999618530271,1.5399999618530271,1000,1.5399999618530271,1.5399999618530271,0.9400148391723632
22-03-2013,1.5700000524520874,1.5700000524520874,1300,1.5700000524520874,1.5700000524520874,0.9583269357681274
25-03-2013,1.4500000476837158,1.5499999523162842,103600,1.5499999523162842,1.4600000381469729,0.8911830186843872
26-03-2013,1.4199999570846558,1.4500000476837158,9500,1.4700000286102295,1.4199999570846558,0.8667669296264648
27-03-2013,1.4199999570846558,1.4199999570846558,1100,1.4199999570846558,1.4199999570846558,0.8667669296264648
28-03-2013,1.4600000381469729,1.4600000381469729,1500,1.4600000381469729,1.4600000381469729,0.8911830186843872
01-04-2013,1.4600000381469729,1.4600000381469729,0,1.4600000381469729,1.4600000381469729,0.8911830186843872
02-04-2013,1.4700000286102295,1.4700000286102295,1400,1.4700000286102295,1.4700000286102295,0.8972869515419006
03-04-2013,1.5099999904632568,1.5099999904632568,1800,1.5099999904632568,1.5099999904632568,0.921702802181244
04-04-2013,1.5099999904632568,1.5099999904632568,0,1.5099999904632568,1.5099999904632568,0.921702802181244
05-04-2013,1.4700000286102295,1.4700000286102295,119300,1.4700000286102295,1.4700000286102295,0.8972869515419006
08-04-2013,1.5,1.5,700,1.5,1.5,0.9155988097190856
09-04-2013,1.5700000524520874,1.5700000524520874,700,1.5700000524520874,1.5700000524520874,0.9583269357681274
10-04-2013,1.5700000524520874,1.5700000524520874,0,1.5700000524520874,1.5700000524520874,0.9583269357681274
11-04-2013,1.5700000524520874,1.5700000524520874,0,1.5700000524520874,1.5700000524520874,0.9583269357681274
12-04-2013,1.5700000524520874,1.5700000524520874,0,1.5700000524520874,1.5700000524520874,0.9583269357681274
15-04-2013,1.5700000524520874,1.5700000524520874,0,1.5700000524520874,1.5700000524520874,0.9583269357681274
16-04-2013,1.5700000524520874,1.5700000524520874,0,1.5700000524520874,1.5700000524520874,0.9583269357681274
17-04-2013,1.600000023841858,1.600000023841858,2000,1.600000023841858,1.600000023841858,0.9766387343406676
18-04-2013,1.600000023841858,1.600000023841858,0,1.600000023841858,1.600000023841858,0.9766387343406676
19-04-2013,1.6699999570846558,1.6699999570846558,5700,1.6699999570846558,1.6699999570846558,1.0193668603897097
22-04-2013,1.690000057220459,1.690000057220459,4700,1.690000057220459,1.690000057220459,1.0315747261047363
23-04-2013,1.7400000095367432,1.7400000095367432,2700,1.75,1.7400000095367432,1.0620946884155271
24-04-2013,1.7400000095367432,1.7400000095367432,0,1.7400000095367432,1.7400000095367432,1.0620946884155271
25-04-2013,1.7400000095367432,1.7400000095367432,0,1.7400000095367432,1.7400000095367432,1.0620946884155271
26-04-2013,1.75,1.75,2200,1.75,1.75,1.0681986808776855
29-04-2013,1.75,1.75,0,1.75,1.75,1.0681986808776855
30-04-2013,1.7999999523162842,1.7999999523162842,2200,1.7999999523162842,1.7999999523162842,1.098718523979187
01-05-2013,1.7999999523162842,1.7999999523162842,0,1.7999999523162842,1.7999999523162842,1.098718523979187
02-05-2013,1.7699999809265137,1.7699999809265137,262400,1.7699999809265137,1.7699999809265137,1.080406665802002
03-05-2013,1.7899999618530271,1.7899999618530271,500,1.7899999618530271,1.7899999618530271,1.0926146507263184
06-05-2013,1.7899999618530271,1.7899999618530271,0,1.7899999618530271,1.7899999618530271,1.0926146507263184
07-05-2013,1.809999942779541,1.809999942779541,542000,1.830000042915344,1.809999942779541,1.1048226356506348
08-05-2013,1.809999942779541,1.809999942779541,0,1.809999942779541,1.809999942779541,1.1048226356506348
09-05-2013,1.809999942779541,1.809999942779541,0,1.809999942779541,1.809999942779541,1.1048226356506348
10-05-2013,1.7899999618530271,1.7899999618530271,30900,1.830000042915344,1.7999999523162842,1.098718523979187
13-05-2013,1.8200000524520872,1.8200000524520872,400,1.8200000524520872,1.8200000524520872,1.110926628112793
14-05-2013,1.8200000524520872,1.8200000524520872,0,1.8200000524520872,1.8200000524520872,1.110926628112793
15-05-2013,1.8600000143051147,1.8600000143051147,10500,1.8600000143051147,1.8600000143051147,1.1353424787521362
16-05-2013,1.8799999952316284,1.8799999952316284,2900,1.8799999952316284,1.8799999952316284,1.1475507020950315
17-05-2013,1.8700000047683716,1.8700000047683716,300,1.8700000047683716,1.8700000047683716,1.141446590423584
20-05-2013,1.8700000047683716,1.8700000047683716,0,1.8700000047683716,1.8700000047683716,1.141446590423584
21-05-2013,1.8700000047683716,1.8700000047683716,0,1.8700000047683716,1.8700000047683716,1.141446590423584
22-05-2013,1.8700000047683716,1.8700000047683716,0,1.8700000047683716,1.8700000047683716,1.141446590423584
23-05-2013,1.7799999713897705,1.7799999713897705,6700,1.7799999713897705,1.7799999713897705,1.0865106582641602
24-05-2013,1.8200000524520872,1.8200000524520872,200,1.8200000524520872,1.8200000524520872,1.110926628112793
28-05-2013,1.8200000524520872,1.8200000524520872,0,1.8200000524520872,1.8200000524520872,1.110926628112793
29-05-2013,1.830000042915344,1.830000042915344,300,1.830000042915344,1.830000042915344,1.1170305013656616
30-05-2013,1.830000042915344,1.830000042915344,0,1.830000042915344,1.830000042915344,1.1170305013656616
31-05-2013,1.8600000143051147,1.8600000143051147,9000,1.8600000143051147,1.8600000143051147,1.1353424787521362
03-06-2013,1.8600000143051147,1.8600000143051147,4500,1.8600000143051147,1.8600000143051147,1.1353424787521362
04-06-2013,1.8799999952316284,1.8799999952316284,400,1.8799999952316284,1.8799999952316284,1.1475507020950315
05-06-2013,1.8799999952316284,1.8799999952316284,0,1.8799999952316284,1.8799999952316284,1.1475507020950315
06-06-2013,1.7699999809265137,1.7699999809265137,300,1.7699999809265137,1.7699999809265137,1.080406665802002
07-06-2013,1.8200000524520872,1.8200000524520872,600,1.8200000524520872,1.8200000524520872,1.110926628112793
10-06-2013,1.7799999713897705,1.7799999713897705,1200,1.7799999713897705,1.7799999713897705,1.0865106582641602
11-06-2013,1.7799999713897705,1.7799999713897705,0,1.7799999713897705,1.7799999713897705,1.0865106582641602
12-06-2013,1.7799999713897705,1.7799999713897705,0,1.7799999713897705,1.7799999713897705,1.0865106582641602
13-06-2013,1.7400000095367432,1.7400000095367432,379000,1.7400000095367432,1.7400000095367432,1.0620946884155271
14-06-2013,1.7400000095367432,1.7400000095367432,0,1.7400000095367432,1.7400000095367432,1.0620946884155271
17-06-2013,1.7400000095367432,1.7400000095367432,0,1.7400000095367432,1.7400000095367432,1.0620946884155271
18-06-2013,1.7400000095367432,1.7400000095367432,0,1.7400000095367432,1.7400000095367432,1.0620946884155271
19-06-2013,1.7400000095367432,1.7400000095367432,0,1.7400000095367432,1.7400000095367432,1.0620946884155271
20-06-2013,1.7400000095367432,1.7400000095367432,0,1.7400000095367432,1.7400000095367432,1.0620946884155271
21-06-2013,1.7400000095367432,1.7400000095367432,0,1.7400000095367432,1.7400000095367432,1.0620946884155271
24-06-2013,1.7400000095367432,1.7400000095367432,0,1.7400000095367432,1.7400000095367432,1.0620946884155271
25-06-2013,1.590000033378601,1.590000033378601,1000,1.590000033378601,1.590000033378601,0.9705348014831544
26-06-2013,1.6299999952316284,1.6299999952316284,500,1.6299999952316284,1.6299999952316284,0.9949506521224976
27-06-2013,1.6299999952316284,1.6299999952316284,0,1.6299999952316284,1.6299999952316284,0.9949506521224976
28-06-2013,1.6299999952316284,1.6299999952316284,0,1.6299999952316284,1.6299999952316284,0.9949506521224976
01-07-2013,1.649999976158142,1.649999976158142,4500,1.649999976158142,1.649999976158142,1.0071587562561035
02-07-2013,1.649999976158142,1.649999976158142,0,1.649999976158142,1.649999976158142,1.0071587562561035
03-07-2013,1.5399999618530271,1.5399999618530271,800,1.5399999618530271,1.5399999618530271,0.9400148391723632
05-07-2013,1.6399999856948853,1.6399999856948853,800,1.6399999856948853,1.6399999856948853,1.001054763793945
08-07-2013,1.6399999856948853,1.6399999856948853,0,1.6399999856948853,1.6399999856948853,1.001054763793945
09-07-2013,1.649999976158142,1.649999976158142,1300,1.649999976158142,1.649999976158142,1.0071587562561035
10-07-2013,1.649999976158142,1.649999976158142,0,1.649999976158142,1.649999976158142,1.0071587562561035
11-07-2013,1.649999976158142,1.649999976158142,0,1.649999976158142,1.649999976158142,1.0071587562561035
12-07-2013,1.649999976158142,1.649999976158142,0,1.649999976158142,1.649999976158142,1.0071587562561035
15-07-2013,1.6399999856948853,1.6399999856948853,800,1.6399999856948853,1.6399999856948853,1.001054763793945
16-07-2013,1.6399999856948853,1.6399999856948853,1500,1.6399999856948853,1.6399999856948853,1.001054763793945
17-07-2013,1.6399999856948853,1.6399999856948853,0,1.6399999856948853,1.6399999856948853,1.001054763793945
18-07-2013,1.6399999856948853,1.6399999856948853,0,1.6399999856948853,1.6399999856948853,1.001054763793945
19-07-2013,1.75,1.75,1100,1.75,1.75,1.0681986808776855
22-07-2013,1.75,1.75,0,1.75,1.75,1.0681986808776855
23-07-2013,1.75,1.75,0,1.75,1.75,1.0681986808776855
24-07-2013,1.75,1.75,0,1.75,1.75,1.0681986808776855
25-07-2013,1.75,1.75,0,1.75,1.75,1.0681986808776855
26-07-2013,1.75,1.75,0,1.75,1.75,1.0681986808776855
29-07-2013,1.8200000524520872,1.830000042915344,2000,1.830000042915344,1.8200000524520872,1.110926628112793
30-07-2013,1.8200000524520872,1.8200000524520872,0,1.8200000524520872,1.8200000524520872,1.110926628112793
31-07-2013,1.8200000524520872,1.8200000524520872,0,1.8200000524520872,1.8200000524520872,1.110926628112793
01-08-2013,1.8200000524520872,1.8200000524520872,0,1.8200000524520872,1.8200000524520872,1.110926628112793
02-08-2013,1.8200000524520872,1.8200000524520872,0,1.8200000524520872,1.8200000524520872,1.110926628112793
05-08-2013,1.850000023841858,1.850000023841858,1000,1.850000023841858,1.850000023841858,1.129238486289978
06-08-2013,1.850000023841858,1.850000023841858,16200,1.850000023841858,1.850000023841858,1.129238486289978
07-08-2013,1.850000023841858,1.850000023841858,0,1.850000023841858,1.850000023841858,1.129238486289978
08-08-2013,1.9900000095367432,1.9900000095367432,100,1.9900000095367432,1.9900000095367432,1.2146944999694824
09-08-2013,1.9900000095367432,1.9900000095367432,0,1.9900000095367432,1.9900000095367432,1.2146944999694824
12-08-2013,1.9600000381469729,1.9600000381469729,400,1.9700000286102295,1.9700000286102295,1.202486515045166
13-08-2013,1.9800000190734863,1.9800000190734863,1900,2.0,2.0,1.2207984924316406
14-08-2013,2.0,2.0,0,2.0,2.0,1.2207984924316406
15-08-2013,2.0,2.0,0,2.0,2.0,1.2207984924316406
16-08-2013,2.0,2.0,0,2.0,2.0,1.2207984924316406
19-08-2013,2.069999933242798,2.069999933242798,3000,2.069999933242798,2.069999933242798,1.2635265588760376
20-08-2013,2.0299999713897705,2.0299999713897705,300,2.0299999713897705,2.0299999713897705,1.2391103506088257
21-08-2013,2.0299999713897705,2.0299999713897705,0,2.0299999713897705,2.0299999713897705,1.2391103506088257
22-08-2013,2.0299999713897705,2.0299999713897705,0,2.0299999713897705,2.0299999713897705,1.2391103506088257
23-08-2013,2.069999933242798,2.0999999046325684,5800,2.109999895095825,2.109999895095825,1.2879421710968018
26-08-2013,2.049999952316284,2.049999952316284,1000,2.049999952316284,2.049999952316284,1.251318335533142
27-08-2013,2.049999952316284,2.049999952316284,0,2.049999952316284,2.049999952316284,1.251318335533142
28-08-2013,1.909999966621399,1.909999966621399,400,1.909999966621399,1.909999966621399,1.1658624410629272
29-08-2013,1.909999966621399,1.909999966621399,0,1.909999966621399,1.909999966621399,1.1658624410629272
30-08-2013,1.909999966621399,1.909999966621399,0,1.909999966621399,1.909999966621399,1.1658624410629272
03-09-2013,2.059999942779541,2.059999942779541,25000,2.059999942779541,2.059999942779541,1.2574223279953003
04-09-2013,1.9700000286102295,2.0,6300,2.0,1.9700000286102295,1.202486515045166
05-09-2013,1.9700000286102295,1.9700000286102295,300,1.9700000286102295,1.9700000286102295,1.202486515045166
06-09-2013,1.9700000286102295,1.9700000286102295,0,1.9700000286102295,1.9700000286102295,1.202486515045166
09-09-2013,2.0999999046325684,2.0999999046325684,11300,2.0999999046325684,2.0999999046325684,1.281838297843933
10-09-2013,2.0799999237060547,2.0799999237060547,600,2.0799999237060547,2.0799999237060547,1.2696304321289062
11-09-2013,2.1500000953674316,2.180000066757202,16400,2.180000066757202,2.1500000953674316,1.3123586177825928
12-09-2013,2.180000066757202,2.180000066757202,48300,2.190000057220459,2.190000057220459,1.3367743492126465
13-09-2013,2.1500000953674316,2.1500000953674316,1000,2.1500000953674316,2.1500000953674316,1.3123586177825928
16-09-2013,2.200000047683716,2.200000047683716,11300,2.200000047683716,2.200000047683716,1.3428781032562256
17-09-2013,2.1500000953674316,2.1500000953674316,100000,2.1500000953674316,2.1500000953674316,1.3123586177825928
18-09-2013,2.2100000381469727,2.2100000381469727,50200,2.2699999809265137,2.2699999809265137,1.3856061697006226
19-09-2013,2.2699999809265137,2.2699999809265137,0,2.2699999809265137,2.2699999809265137,1.3856061697006226
20-09-2013,2.2699999809265137,2.2699999809265137,500,2.2699999809265137,2.2699999809265137,1.3856061697006226
23-09-2013,2.259999990463257,2.259999990463257,7700,2.309999942779541,2.309999942779541,1.4100219011306765
24-09-2013,2.2699999809265137,2.2699999809265137,700,2.2699999809265137,2.2699999809265137,1.3856061697006226
25-09-2013,2.240000009536743,2.240000009536743,25100,2.240000009536743,2.240000009536743,1.367294192314148
26-09-2013,2.1600000858306885,2.1600000858306885,2400,2.1600000858306885,2.1600000858306885,1.318462371826172
27-09-2013,2.1600000858306885,2.1600000858306885,0,2.1600000858306885,2.1600000858306885,1.318462371826172
30-09-2013,2.0899999141693115,2.0899999141693115,2000,2.0899999141693115,2.0899999141693115,1.2757344245910645
01-10-2013,2.0899999141693115,2.0899999141693115,0,2.0899999141693115,2.0899999141693115,1.2757344245910645
02-10-2013,2.2799999713897705,2.2899999618530273,51200,2.2899999618530273,2.2799999713897705,1.3917102813720703
03-10-2013,2.2799999713897705,2.2799999713897705,0,2.2799999713897705,2.2799999713897705,1.3917102813720703
04-10-2013,2.2799999713897705,2.2799999713897705,0,2.2799999713897705,2.2799999713897705,1.3917102813720703
07-10-2013,2.3499999046325684,2.3499999046325684,7000,2.3499999046325684,2.3499999046325684,1.4344379901885986
08-10-2013,2.3499999046325684,2.3499999046325684,0,2.3499999046325684,2.3499999046325684,1.4344379901885986
09-10-2013,2.3499999046325684,2.3499999046325684,0,2.3499999046325684,2.3499999046325684,1.4344379901885986
10-10-2013,2.440000057220459,2.440000057220459,6300,2.440000057220459,2.440000057220459,1.4893742799758911
11-10-2013,2.380000114440918,2.430000066757202,1500,2.430000066757202,2.380000114440918,1.4527502059936523
14-10-2013,2.380000114440918,2.430000066757202,3700,2.430000066757202,2.380000114440918,1.4527502059936523
15-10-2013,2.380000114440918,2.380000114440918,0,2.380000114440918,2.380000114440918,1.4527502059936523
16-10-2013,2.380000114440918,2.380000114440918,0,2.380000114440918,2.380000114440918,1.4527502059936523
17-10-2013,2.5,2.5,500,2.5,2.5,1.5259981155395508
18-10-2013,2.4600000381469727,2.5,2100,2.5,2.4600000381469727,1.501582145690918
21-10-2013,2.4700000286102295,2.4700000286102295,500,2.4700000286102295,2.4700000286102295,1.5076860189437866
22-10-2013,2.4700000286102295,2.4700000286102295,0,2.4700000286102295,2.4700000286102295,1.5076860189437866
23-10-2013,2.4700000286102295,2.4700000286102295,0,2.4700000286102295,2.4700000286102295,1.5076860189437866
24-10-2013,2.490000009536743,2.490000009536743,200,2.490000009536743,2.490000009536743,1.5198938846588137
25-10-2013,2.490000009536743,2.490000009536743,800,2.490000009536743,2.490000009536743,1.5198938846588137
28-10-2013,2.4000000953674316,2.4100000858306885,50100,2.4100000858306885,2.4000000953674316,1.4649583101272583
29-10-2013,2.4700000286102295,2.4700000286102295,300,2.4700000286102295,2.4700000286102295,1.5076860189437866
30-10-2013,2.5,2.5299999713897705,1700,2.5299999713897705,2.5,1.5259981155395508
31-10-2013,2.5,2.5,800,2.5,2.5,1.5259981155395508
01-11-2013,2.5,2.5,0,2.5,2.5,1.5259981155395508
04-11-2013,2.490000009536743,2.490000009536743,400,2.490000009536743,2.490000009536743,1.5198938846588137
05-11-2013,2.390000104904175,2.440000057220459,2500,2.440000057220459,2.440000057220459,1.4893742799758911
06-11-2013,2.4100000858306885,2.4100000858306885,900,2.4100000858306885,2.4100000858306885,1.471062183380127
07-11-2013,2.3299999237060547,2.3299999237060547,100,2.3299999237060547,2.3299999237060547,1.422230243682861
08-11-2013,2.3499999046325684,2.3499999046325684,2200,2.3499999046325684,2.3499999046325684,1.4344379901885986
11-11-2013,2.3499999046325684,2.3499999046325684,0,2.3499999046325684,2.3499999046325684,1.4344379901885986
12-11-2013,2.369999885559082,2.4200000762939453,2100,2.4200000762939453,2.4200000762939453,1.4771660566329956
13-11-2013,2.4200000762939453,2.4200000762939453,0,2.4200000762939453,2.4200000762939453,1.4771660566329956
14-11-2013,2.2899999618530273,2.2899999618530273,11800,2.369999885559082,2.369999885559082,1.4466460943222046
15-11-2013,2.259999990463257,2.299999952316284,3100,2.299999952316284,2.2699999809265137,1.3856061697006226
18-11-2013,2.3299999237060547,2.380000114440918,1600,2.380000114440918,2.3299999237060547,1.422230243682861
19-11-2013,2.319999933242798,2.359999895095825,33100,2.369999885559082,2.369999885559082,1.4466460943222046
20-11-2013,2.309999942779541,2.309999942779541,130400,2.309999942779541,2.309999942779541,1.4100219011306765
21-11-2013,2.299999952316284,2.299999952316284,16400,2.3499999046325684,2.3499999046325684,1.4344379901885986
22-11-2013,2.3299999237060547,2.3299999237060547,6700,2.369999885559082,2.369999885559082,1.4466460943222046
25-11-2013,2.3299999237060547,2.359999895095825,5100,2.359999895095825,2.3399999141693115,1.428334355354309
26-11-2013,2.3499999046325684,2.380000114440918,800,2.380000114440918,2.3499999046325684,1.4344379901885986
27-11-2013,2.390000104904175,2.4000000953674316,25000,2.4000000953674316,2.390000104904175,1.4588541984558103
29-11-2013,2.4100000858306885,2.430000066757202,12800,2.450000047683716,2.450000047683716,1.495478272438049
02-12-2013,2.4200000762939453,2.4200000762939453,10400,2.430000066757202,2.430000066757202,1.483270287513733
03-12-2013,2.369999885559082,2.369999885559082,3100,2.380000114440918,2.380000114440918,1.4527502059936523
04-12-2013,2.309999942779541,2.3399999141693115,500,2.3399999141693115,2.309999942779541,1.4100219011306765
05-12-2013,2.259999990463257,2.309999942779541,2969000,2.309999942779541,2.2699999809265137,1.3856061697006226
06-12-2013,2.2799999713897705,2.2799999713897705,2800,2.299999952316284,2.2899999618530273,1.397814154624939
09-12-2013,2.309999942779541,2.369999885559082,1600,2.369999885559082,2.309999942779541,1.4100219011306765
10-12-2013,2.309999942779541,2.309999942779541,10000,2.390000104904175,2.390000104904175,1.4588541984558103
11-12-2013,2.3399999141693115,2.3399999141693115,900,2.3399999141693115,2.3399999141693115,1.428334355354309
12-12-2013,2.2899999618530273,2.2899999618530273,4400,2.299999952316284,2.299999952316284,1.4039183855056765
13-12-2013,2.25,2.25,1300,2.25,2.25,1.3733983039855957
16-12-2013,2.3399999141693115,2.3499999046325684,8600,2.390000104904175,2.390000104904175,1.4588541984558103
17-12-2013,2.3399999141693115,2.369999885559082,3700,2.369999885559082,2.3399999141693115,1.428334355354309
18-12-2013,2.309999942779541,2.309999942779541,16700,2.309999942779541,2.309999942779541,1.4100219011306765
19-12-2013,2.3499999046325684,2.390000104904175,49000,2.390000104904175,2.3499999046325684,1.4344379901885986
20-12-2013,2.4200000762939453,2.4200000762939453,9000,2.4600000381469727,2.4600000381469727,1.501582145690918
23-12-2013,2.4600000381469727,2.4600000381469727,0,2.4600000381469727,2.4600000381469727,1.501582145690918
24-12-2013,2.4100000858306885,2.4200000762939453,8900,2.4800000190734863,2.4800000190734863,1.5137900114059448
26-12-2013,2.4100000858306885,2.4100000858306885,1600,2.4200000762939453,2.4200000762939453,1.4771660566329956
27-12-2013,2.490000009536743,2.490000009536743,6500,2.5,2.5,1.5259981155395508
30-12-2013,2.5,2.5,11600,2.509999990463257,2.509999990463257,1.5321022272109983
31-12-2013,2.4600000381469727,2.4600000381469727,10500,2.509999990463257,2.509999990463257,1.5321022272109983
02-01-2014,2.3499999046325684,2.4800000190734863,2500,2.4800000190734863,2.3499999046325684,1.4344379901885986
03-01-2014,2.450000047683716,2.490000009536743,11400,2.490000009536743,2.450000047683716,1.495478272438049
06-01-2014,2.450000047683716,2.450000047683716,0,2.450000047683716,2.450000047683716,1.495478272438049
07-01-2014,2.5799999237060547,2.5999999046325684,118200,2.5999999046325684,2.5899999141693115,1.5809340476989746
08-01-2014,2.5999999046325684,2.640000104904175,2100,2.640000104904175,2.5999999046325684,1.5870381593704224
09-01-2014,2.6500000953674316,2.6500000953674316,1200,2.6700000762939453,2.6700000762939453,1.6297657489776611
10-01-2014,2.630000114440918,2.630000114440918,500,2.630000114440918,2.630000114440918,1.605350136756897
13-01-2014,2.619999885559082,2.619999885559082,5200,2.6700000762939453,2.6700000762939453,1.6297657489776611
14-01-2014,2.6500000953674316,2.6500000953674316,5100,2.680000066757202,2.680000066757202,1.6358699798583984
15-01-2014,2.690000057220459,2.690000057220459,33700,2.7799999713897705,2.7799999713897705,1.6969099044799805
16-01-2014,2.630000114440918,2.6700000762939453,1400,2.6700000762939453,2.630000114440918,1.605350136756897
17-01-2014,2.690000057220459,2.690000057220459,2200,2.690000057220459,2.690000057220459,1.6419739723205566
21-01-2014,2.680000066757202,2.690000057220459,600,2.690000057220459,2.680000066757202,1.6358699798583984
22-01-2014,2.6700000762939453,2.6700000762939453,11000,2.7100000381469727,2.7100000381469727,1.6541820764541626
23-01-2014,2.6700000762939453,2.690000057220459,10100,2.7100000381469727,2.6700000762939453,1.6297657489776611
24-01-2014,2.640000104904175,2.7200000286102295,7600,2.7200000286102295,2.640000104904175,1.6114541292190552
27-01-2014,2.630000114440918,2.630000114440918,2500,2.690000057220459,2.690000057220459,1.6419739723205566
28-01-2014,2.690000057220459,2.7200000286102295,26800,2.7200000286102295,2.7100000381469727,1.6541820764541626
29-01-2014,2.640000104904175,2.640000104904175,200,2.640000104904175,2.640000104904175,1.6114541292190552
30-01-2014,2.6500000953674316,2.6600000858306885,12600,2.680000066757202,2.680000066757202,1.6358699798583984
31-01-2014,2.609999895095825,2.609999895095825,8000,2.6700000762939453,2.6700000762939453,1.6297657489776611
03-02-2014,2.619999885559082,2.6500000953674316,600,2.6500000953674316,2.619999885559082,1.5992461442947388
04-02-2014,2.680000066757202,2.690000057220459,11000,2.690000057220459,2.680000066757202,1.6358699798583984
05-02-2014,2.7300000190734863,2.7300000190734863,40300,2.7799999713897705,2.7799999713897705,1.6969099044799805
06-02-2014,2.799999952316284,2.799999952316284,2500,2.799999952316284,2.799999952316284,1.709117770195007
07-02-2014,2.8299999237060547,2.8499999046325684,17800,2.890000104904175,2.890000104904175,1.7640537023544312
10-02-2014,2.890000104904175,2.890000104904175,0,2.890000104904175,2.890000104904175,1.7640537023544312
11-02-2014,2.9000000953674316,2.9000000953674316,1700,2.950000047683716,2.950000047683716,1.8006775379180908
12-02-2014,2.9000000953674316,2.950000047683716,40700,2.950000047683716,2.950000047683716,1.8006775379180908
13-02-2014,2.9000000953674316,2.9000000953674316,500,2.9000000953674316,2.9000000953674316,1.7701579332351685
14-02-2014,2.940000057220459,2.9800000190734863,234400,2.990000009536743,2.940000057220459,1.7945739030838013
18-02-2014,2.9000000953674316,2.9000000953674316,0,2.9000000953674316,2.9000000953674316,1.7701579332351685
19-02-2014,3.0899999141693115,3.0899999141693115,300,3.0899999141693115,3.0899999141693115,1.8861337900161743
20-02-2014,3.0899999141693115,3.0899999141693115,0,3.0899999141693115,3.0899999141693115,1.8861337900161743
21-02-2014,2.930000066757202,3.0,15300,3.0199999809265137,3.0199999809265137,1.843405604362488
24-02-2014,3.0799999237060547,3.0799999237060547,31100,3.0899999141693115,3.0899999141693115,1.8861337900161743
25-02-2014,3.0899999141693115,3.0899999141693115,0,3.0899999141693115,3.0899999141693115,1.8861337900161743
26-02-2014,3.0,3.059999942779541,4500,3.059999942779541,3.0,1.8311976194381712
27-02-2014,3.0199999809265137,3.0399999618530273,1100,3.0399999618530273,3.0199999809265137,1.843405604362488
28-02-2014,3.049999952316284,3.0899999141693115,58100,3.109999895095825,3.049999952316284,1.8617175817489624
03-03-2014,2.950000047683716,3.0199999809265137,2600,3.0199999809265137,2.990000009536743,1.8250937461853027
04-03-2014,3.069999933242798,3.069999933242798,900,3.0799999237060547,3.0799999237060547,1.8800296783447263
05-03-2014,3.0999999046325684,3.0999999046325684,4800,3.180000066757202,3.130000114440918,1.910549879074097
06-03-2014,3.2300000190734863,3.2300000190734863,600,3.2300000190734863,3.2300000190734863,1.9715898036956787
07-03-2014,3.1500000953674316,3.200000047683716,600,3.200000047683716,3.1500000953674316,1.922758102416992
10-03-2014,3.1500000953674316,3.1500000953674316,200,3.200000047683716,3.200000047683716,1.9532774686813352
11-03-2014,3.109999895095825,3.109999895095825,35600,3.109999895095825,3.109999895095825,1.8983416557312012
12-03-2014,3.109999895095825,3.109999895095825,0,3.109999895095825,3.109999895095825,1.8983416557312012
13-03-2014,3.130000114440918,3.190000057220459,2700,3.190000057220459,3.130000114440918,1.910549879074097
14-03-2014,3.130000114440918,3.130000114440918,0,3.130000114440918,3.130000114440918,1.910549879074097
17-03-2014,2.990000009536743,3.0,17700,3.0399999618530273,3.0399999618530273,1.8556139469146729
18-03-2014,3.0399999618530273,3.0399999618530273,0,3.0399999618530273,3.0399999618530273,1.8556139469146729
19-03-2014,3.119999885559082,3.119999885559082,162600,3.1600000858306885,3.1600000858306885,1.9288617372512815
20-03-2014,3.119999885559082,3.140000104904175,80100,3.180000066757202,3.180000066757202,1.9410696029663088
21-03-2014,3.1600000858306885,3.1600000858306885,3400,3.180000066757202,3.180000066757202,1.9410696029663088
24-03-2014,3.0799999237060547,3.130000114440918,4100,3.130000114440918,3.0799999237060547,1.8800296783447263
25-03-2014,3.0799999237060547,3.0799999237060547,0,3.0799999237060547,3.0799999237060547,1.8800296783447263
26-03-2014,3.130000114440918,3.180000066757202,13100,3.180000066757202,3.130000114440918,1.910549879074097
27-03-2014,3.180000066757202,3.190000057220459,47100,3.190000057220459,3.190000057220459,1.9471733570098877
28-03-2014,3.3399999141693115,3.3499999046325684,3000,3.3499999046325684,3.3399999141693115,2.038733720779419
31-03-2014,3.440000057220459,3.440000057220459,400,3.440000057220459,3.440000057220459,2.099773645401001
01-04-2014,3.4600000381469727,3.490000009536743,22100,3.509999990463257,3.509999990463257,2.14250111579895
02-04-2014,3.4000000953674316,3.4600000381469727,4400,3.4600000381469727,3.4000000953674316,2.075357437133789
03-04-2014,3.4600000381469727,3.4600000381469727,2000,3.5,3.5,2.136397361755371
04-04-2014,2.5399999618530273,2.5399999618530273,5600,3.5399999618530273,3.5399999618530273,2.160813331604004
07-04-2014,3.4600000381469727,3.5199999809265137,54500,3.5199999809265137,3.4600000381469727,2.1119813919067383
08-04-2014,3.450000047683716,3.4800000190734863,52000,3.490000009536743,3.490000009536743,2.130293130874634
09-04-2014,3.450000047683716,3.490000009536743,2400,3.490000009536743,3.450000047683716,2.105877161026001
10-04-2014,3.430000066757202,3.430000066757202,3500,3.440000057220459,3.440000057220459,2.099773645401001
11-04-2014,3.440000057220459,3.440000057220459,0,3.440000057220459,3.440000057220459,2.099773645401001
14-04-2014,3.2899999618530273,3.2899999618530273,8900,3.2899999618530273,3.2899999618530273,2.008213520050049
15-04-2014,3.1700000762939453,3.25,105300,3.259999990463257,3.1700000762939453,1.9349654912948608
16-04-2014,3.2899999618530273,3.299999952316284,3700,3.3399999141693115,3.3399999141693115,2.038733720779419
17-04-2014,3.380000114440918,3.380000114440918,300,3.380000114440918,3.380000114440918,2.0631494522094727
21-04-2014,3.3299999237060547,3.3299999237060547,7700,3.390000104904175,3.390000104904175,2.069253444671631
22-04-2014,3.4000000953674316,3.4000000953674316,121500,3.4000000953674316,3.4000000953674316,2.075357437133789
23-04-2014,3.390000104904175,3.4200000762939453,2200,3.4200000762939453,3.390000104904175,2.069253444671631
24-04-2014,3.430000066757202,3.430000066757202,1600,3.430000066757202,3.430000066757202,2.0936694145202637
25-04-2014,3.430000066757202,3.430000066757202,0,3.430000066757202,3.430000066757202,2.0936694145202637
28-04-2014,3.430000066757202,3.430000066757202,0,3.430000066757202,3.430000066757202,2.0936694145202637
29-04-2014,3.430000066757202,3.430000066757202,0,3.430000066757202,3.430000066757202,2.0936694145202637
30-04-2014,3.390000104904175,3.390000104904175,5000,3.390000104904175,3.390000104904175,2.069253444671631
01-05-2014,3.440000057220459,3.440000057220459,1400,3.440000057220459,3.440000057220459,2.099773645401001
02-05-2014,3.440000057220459,3.440000057220459,0,3.440000057220459,3.440000057220459,2.099773645401001
05-05-2014,3.390000104904175,3.4000000953674316,7600,3.440000057220459,3.390000104904175,2.069253444671631
06-05-2014,3.4000000953674316,3.4800000190734863,6100,3.4800000190734863,3.440000057220459,2.099773645401001
07-05-2014,3.3399999141693115,3.3399999141693115,7800,3.3399999141693115,3.3399999141693115,2.038733720779419
08-05-2014,3.4200000762939453,3.4200000762939453,1700,3.4200000762939453,3.4200000762939453,2.087565660476685
09-05-2014,3.309999942779541,3.309999942779541,5300,3.309999942779541,3.309999942779541,2.0204215049743652
12-05-2014,3.309999942779541,3.309999942779541,0,3.309999942779541,3.309999942779541,2.0204215049743652
13-05-2014,3.200000047683716,3.2100000381469727,4500,3.2100000381469727,3.200000047683716,1.9532774686813352
14-05-2014,3.180000066757202,3.180000066757202,1300,3.190000057220459,3.190000057220459,1.9471733570098877
15-05-2014,3.0,3.049999952316284,11800,3.0799999237060547,3.0199999809265137,1.843405604362488
16-05-2014,3.0999999046325684,3.0999999046325684,1000,3.0999999046325684,3.0999999046325684,1.8922371864318848
19-05-2014,3.049999952316284,3.049999952316284,1400,3.049999952316284,3.049999952316284,1.9034712314605713
20-05-2014,3.130000114440918,3.130000114440918,2000,3.130000114440918,3.130000114440918,1.9533987045288088
21-05-2014,3.130000114440918,3.130000114440918,5200,3.130000114440918,3.130000114440918,1.9533987045288088
22-05-2014,3.069999933242798,3.069999933242798,1600,3.069999933242798,3.069999933242798,1.9159530401229856
23-05-2014,3.109999895095825,3.140000104904175,14400,3.140000104904175,3.130000114440918,1.9533987045288088
27-05-2014,3.2300000190734863,3.2799999713897705,11000,3.2799999713897705,3.2300000190734863,2.0158073902130127
28-05-2014,3.2899999618530273,3.309999942779541,26400,3.309999942779541,3.2899999618530273,2.0532524585723877
29-05-2014,3.2899999618530273,3.2899999618530273,3200,3.3399999141693115,3.3299999237060547,2.078216314315796
30-05-2014,3.3399999141693115,3.380000114440918,18100,3.390000104904175,3.390000104904175,2.11566162109375
02-06-2014,3.369999885559082,3.369999885559082,28000,3.4000000953674316,3.390000104904175,2.11566162109375
03-06-2014,3.369999885559082,3.369999885559082,30300,3.369999885559082,3.369999885559082,2.103179693222046
04-06-2014,3.319999933242798,3.3399999141693115,4400,3.3499999046325684,3.319999933242798,2.0719752311706543
05-06-2014,3.4100000858306885,3.4100000858306885,7900,3.450000047683716,3.450000047683716,2.153106689453125
06-06-2014,3.549999952316284,3.559999942779541,11100,3.5899999141693115,3.5899999141693115,2.2404792308807373
09-06-2014,3.5299999713897705,3.5299999713897705,2800,3.549999952316284,3.5399999618530273,2.2092747688293457
10-06-2014,3.509999990463257,3.5399999618530273,3500,3.549999952316284,3.549999952316284,2.2155158519744873
11-06-2014,3.4700000286102295,3.509999990463257,600,3.509999990463257,3.4700000286102295,2.165588617324829
12-06-2014,3.369999885559082,3.369999885559082,10500,3.369999885559082,3.369999885559082,2.103179693222046
13-06-2014,3.4000000953674316,3.4000000953674316,2000,3.4000000953674316,3.4000000953674316,2.1219024658203125
16-06-2014,3.309999942779541,3.309999942779541,900,3.309999942779541,3.309999942779541,2.065734386444092
17-06-2014,3.2799999713897705,3.319999933242798,5300,3.3299999237060547,3.2799999713897705,2.047011613845825
18-06-2014,3.2899999618530273,3.3299999237060547,11400,3.3499999046325684,3.3499999046325684,2.090697765350342
19-06-2014,3.299999952316284,3.319999933242798,9600,3.3399999141693115,3.3299999237060547,2.078216314315796
20-06-2014,3.240000009536743,3.240000009536743,602700,3.2699999809265137,3.2699999809265137,2.0407705307006836
23-06-2014,3.1500000953674316,3.200000047683716,7100,3.200000047683716,3.1500000953674316,1.9658803939819336
24-06-2014,3.130000114440918,3.130000114440918,800,3.130000114440918,3.130000114440918,1.9533987045288088
25-06-2014,3.119999885559082,3.119999885559082,12300,3.119999885559082,3.119999885559082,1.947157621383667
26-06-2014,3.140000104904175,3.140000104904175,500,3.140000104904175,3.140000104904175,1.959639310836792
27-06-2014,3.0999999046325684,3.0999999046325684,100,3.0999999046325684,3.0999999046325684,1.9346753358840945
30-06-2014,3.0799999237060547,3.0899999141693115,1967900,3.109999895095825,3.0999999046325684,1.9346753358840945
01-07-2014,3.1600000858306885,3.180000066757202,3300,3.190000057220459,3.190000057220459,1.9908435344696045
02-07-2014,3.200000047683716,3.200000047683716,1900,3.200000047683716,3.200000047683716,1.997084379196167
03-07-2014,3.200000047683716,3.200000047683716,0,3.200000047683716,3.200000047683716,1.997084379196167
07-07-2014,3.049999952316284,3.0799999237060547,11200,3.0799999237060547,3.049999952316284,1.9034712314605713
08-07-2014,2.930000066757202,2.950000047683716,6700,2.950000047683716,2.930000066757202,1.8285807371139529
09-07-2014,2.9800000190734863,3.0199999809265137,2700,3.0199999809265137,2.9800000190734863,1.859785079956055
10-07-2014,2.9800000190734863,2.9800000190734863,0,2.9800000190734863,2.9800000190734863,1.859785079956055
11-07-2014,2.9600000381469727,2.9700000286102295,50100,2.9700000286102295,2.9600000381469727,1.8473029136657717
14-07-2014,3.049999952316284,3.049999952316284,3300,3.069999933242798,3.069999933242798,1.9159530401229856
15-07-2014,3.009999990463257,3.009999990463257,1400,3.009999990463257,3.009999990463257,1.8785078525543213
16-07-2014,3.109999895095825,3.109999895095825,500,3.109999895095825,3.109999895095825,1.940916419029236
17-07-2014,2.9600000381469727,3.059999942779541,16200,3.069999933242798,2.9600000381469727,1.8473029136657717
18-07-2014,3.0399999618530273,3.0399999618530273,700,3.0399999618530273,3.0399999618530273,1.8972305059432983
21-07-2014,3.0399999618530273,3.0399999618530273,0,3.0399999618530273,3.0399999618530273,1.8972305059432983
22-07-2014,3.009999990463257,3.0399999618530273,2200,3.0399999618530273,3.009999990463257,1.8785078525543213
23-07-2014,3.049999952316284,3.069999933242798,27200,3.0899999141693115,3.059999942779541,1.9097121953964231
24-07-2014,3.1600000858306885,3.1600000858306885,500,3.1600000858306885,3.1600000858306885,1.9721211194992063
25-07-2014,3.0999999046325684,3.0999999046325684,7200,3.140000104904175,3.140000104904175,1.959639310836792
28-07-2014,3.049999952316284,3.059999942779541,2000,3.0999999046325684,3.059999942779541,1.9097121953964231
29-07-2014,3.069999933242798,3.069999933242798,1000,3.069999933242798,3.069999933242798,1.9159530401229856
30-07-2014,3.059999942779541,3.069999933242798,3500,3.069999933242798,3.059999942779541,1.9097121953964231
31-07-2014,2.9700000286102295,3.0,31900,3.0,2.9800000190734863,1.859785079956055
01-08-2014,3.049999952316284,3.049999952316284,600,3.049999952316284,3.049999952316284,1.9034712314605713
04-08-2014,3.049999952316284,3.069999933242798,57300,3.069999933242798,3.049999952316284,1.9034712314605713
05-08-2014,2.9600000381469727,2.9700000286102295,16900,2.9800000190734863,2.9700000286102295,1.853543996810913
06-08-2014,2.880000114440918,2.880000114440918,6600,2.9100000858306885,2.9100000858306885,1.816098690032959
07-08-2014,2.759999990463257,2.880000114440918,158300,2.880000114440918,2.759999990463257,1.7224854230880735
08-08-2014,2.869999885559082,2.869999885559082,7900,2.869999885559082,2.869999885559082,1.791135311126709
11-08-2014,2.859999895095825,2.859999895095825,1600,2.890000104904175,2.890000104904175,1.8036168813705444
12-08-2014,2.880000114440918,2.880000114440918,1100,2.880000114440918,2.880000114440918,1.7973761558532717
13-08-2014,2.8499999046325684,2.8499999046325684,64300,2.880000114440918,2.880000114440918,1.7973761558532717
14-08-2014,2.809999942779541,2.8499999046325684,15600,2.8499999046325684,2.809999942779541,1.7536896467208862
15-08-2014,2.8499999046325684,2.8499999046325684,1100,2.8499999046325684,2.8499999046325684,1.778653621673584
18-08-2014,2.890000104904175,2.890000104904175,300,2.890000104904175,2.890000104904175,1.8036168813705444
19-08-2014,2.8499999046325684,2.8499999046325684,23800,2.859999895095825,2.859999895095825,1.7848941087722778
20-08-2014,2.8499999046325684,2.8499999046325684,321600,2.880000114440918,2.8499999046325684,1.778653621673584
21-08-2014,2.950000047683716,2.9800000190734863,52600,2.9800000190734863,2.950000047683716,1.8410621881484983
22-08-2014,2.950000047683716,2.950000047683716,0,2.950000047683716,2.950000047683716,1.8410621881484983
25-08-2014,3.0,3.009999990463257,22600,3.0299999713897705,3.0,1.87226665019989
26-08-2014,3.069999933242798,3.069999933242798,1200,3.069999933242798,3.069999933242798,1.9159530401229856
27-08-2014,3.049999952316284,3.049999952316284,500,3.0899999141693115,3.0899999141693115,1.92843496799469
28-08-2014,2.9700000286102295,2.9700000286102295,5400,3.0,3.0,1.87226665019989
29-08-2014,3.0,3.0,0,3.0,3.0,1.87226665019989
02-09-2014,2.950000047683716,2.9700000286102295,347100,2.9800000190734863,2.950000047683716,1.8410621881484983
03-09-2014,3.049999952316284,3.049999952316284,7300,3.069999933242798,3.069999933242798,1.9159530401229856
04-09-2014,3.109999895095825,3.109999895095825,93500,3.200000047683716,3.200000047683716,1.997084379196167
05-09-2014,3.200000047683716,3.200000047683716,57200,3.2100000381469727,3.2100000381469727,2.0033252239227295
08-09-2014,3.2100000381469727,3.2100000381469727,0,3.2100000381469727,3.2100000381469727,2.0033252239227295
09-09-2014,3.140000104904175,3.1500000953674316,2200,3.1700000762939453,3.140000104904175,1.959639310836792
10-09-2014,3.1700000762939453,3.1700000762939453,1000,3.1700000762939453,3.1700000762939453,1.978361964225769
11-09-2014,3.1500000953674316,3.1500000953674316,800,3.1500000953674316,3.1500000953674316,1.9658803939819336
12-09-2014,3.119999885559082,3.140000104904175,3800,3.140000104904175,3.119999885559082,1.947157621383667
15-09-2014,3.119999885559082,3.119999885559082,0,3.119999885559082,3.119999885559082,1.947157621383667
16-09-2014,3.0999999046325684,3.0999999046325684,60600,3.1500000953674316,3.1500000953674316,1.9658803939819336
17-09-2014,3.1600000858306885,3.1600000858306885,1200,3.1600000858306885,3.1600000858306885,1.9721211194992063
18-09-2014,3.1700000762939453,3.1700000762939453,19200,3.2100000381469727,3.2100000381469727,2.0033252239227295
19-09-2014,3.119999885559082,3.119999885559082,4000,3.119999885559082,3.119999885559082,1.947157621383667
22-09-2014,3.069999933242798,3.069999933242798,3300,3.069999933242798,3.069999933242798,1.9159530401229856
23-09-2014,3.069999933242798,3.069999933242798,0,3.069999933242798,3.069999933242798,1.9159530401229856
24-09-2014,3.0299999713897705,3.0299999713897705,3900,3.069999933242798,3.069999933242798,1.9159530401229856
25-09-2014,2.990000009536743,3.0,32000,3.0,3.0,1.87226665019989
26-09-2014,3.0199999809265137,3.0199999809265137,7300,3.119999885559082,3.119999885559082,1.947157621383667
29-09-2014,3.119999885559082,3.119999885559082,0,3.119999885559082,3.119999885559082,1.947157621383667
30-09-2014,3.009999990463257,3.0299999713897705,800,3.0299999713897705,3.009999990463257,1.8785078525543213
01-10-2014,3.009999990463257,3.049999952316284,4400,3.049999952316284,3.009999990463257,1.8785078525543213
02-10-2014,2.8399999141693115,2.8399999141693115,2000,2.9000000953674316,2.9000000953674316,1.809857964515686
03-10-2014,2.9000000953674316,2.9000000953674316,0,2.9000000953674316,2.9000000953674316,1.809857964515686
06-10-2014,2.9000000953674316,2.9000000953674316,0,2.9000000953674316,2.9000000953674316,1.809857964515686
07-10-2014,2.930000066757202,2.930000066757202,100,2.930000066757202,2.930000066757202,1.8285807371139529
08-10-2014,2.880000114440918,2.9200000762939453,21600,2.9200000762939453,2.9100000858306885,1.816098690032959
09-10-2014,2.75,2.7699999809265137,67700,2.7799999713897705,2.75,1.7162446975708008
10-10-2014,2.7799999713897705,2.859999895095825,4800,2.859999895095825,2.7799999713897705,1.7349671125411987
13-10-2014,2.7799999713897705,2.7799999713897705,0,2.7799999713897705,2.7799999713897705,1.7349671125411987
14-10-2014,2.819999933242798,2.819999933242798,8000,2.819999933242798,2.819999933242798,1.7599307298660278
15-10-2014,2.680000066757202,2.690000057220459,1200,2.690000057220459,2.680000066757202,1.672558307647705
16-10-2014,2.700000047683716,2.700000047683716,600,2.700000047683716,2.700000047683716,1.6850402355194092
17-10-2014,2.700000047683716,2.700000047683716,0,2.700000047683716,2.700000047683716,1.6850402355194092
20-10-2014,2.7799999713897705,2.7799999713897705,3900,2.7799999713897705,2.7799999713897705,1.7349671125411987
21-10-2014,2.859999895095825,2.9100000858306885,5600,2.9100000858306885,2.859999895095825,1.7848941087722778
22-10-2014,2.890000104904175,2.930000066757202,2000,2.930000066757202,2.890000104904175,1.8036168813705444
23-10-2014,2.930000066757202,2.930000066757202,25200,2.9600000381469727,2.9600000381469727,1.8473029136657717
24-10-2014,2.940000057220459,2.9800000190734863,18800,2.9800000190734863,2.9700000286102295,1.853543996810913
27-10-2014,2.9100000858306885,2.9100000858306885,25500,2.9200000762939453,2.9200000762939453,1.82233989238739
28-10-2014,2.990000009536743,2.990000009536743,1400,2.990000009536743,2.990000009536743,1.8660259246826172
29-10-2014,2.990000009536743,2.990000009536743,0,2.990000009536743,2.990000009536743,1.8660259246826172
30-10-2014,2.990000009536743,2.990000009536743,0,2.990000009536743,2.990000009536743,1.8660259246826172
31-10-2014,2.940000057220459,2.940000057220459,3000,2.940000057220459,2.940000057220459,1.8348214626312256
03-11-2014,2.880000114440918,2.880000114440918,400,2.880000114440918,2.880000114440918,1.7973761558532717
04-11-2014,2.75,2.75,33500,2.7799999713897705,2.759999990463257,1.7224854230880735
05-11-2014,2.759999990463257,2.759999990463257,0,2.759999990463257,2.759999990463257,1.7224854230880735
06-11-2014,2.759999990463257,2.759999990463257,0,2.759999990463257,2.759999990463257,1.7224854230880735
07-11-2014,2.759999990463257,2.759999990463257,0,2.759999990463257,2.759999990463257,1.7224854230880735
10-11-2014,2.680000066757202,2.7699999809265137,285700,2.7699999809265137,2.680000066757202,1.672558307647705
11-11-2014,2.7699999809265137,2.7699999809265137,3800,2.7699999809265137,2.7699999809265137,1.7287262678146362
12-11-2014,2.7100000381469727,2.7100000381469727,500,2.7100000381469727,2.7100000381469727,1.6912811994552612
13-11-2014,2.7100000381469727,2.7100000381469727,0,2.7100000381469727,2.7100000381469727,1.6912811994552612
14-11-2014,2.7100000381469727,2.7100000381469727,0,2.7100000381469727,2.7100000381469727,1.6912811994552612
17-11-2014,2.7100000381469727,2.7100000381469727,0,2.7100000381469727,2.7100000381469727,1.6912811994552612
18-11-2014,2.859999895095825,2.859999895095825,66600,2.859999895095825,2.859999895095825,1.7848941087722778
19-11-2014,2.890000104904175,2.890000104904175,2100,2.9000000953674316,2.9000000953674316,1.809857964515686
20-11-2014,2.8399999141693115,2.8399999141693115,1500,2.8499999046325684,2.8499999046325684,1.778653621673584
21-11-2014,2.9100000858306885,2.940000057220459,6500,2.950000047683716,2.950000047683716,1.8410621881484983
24-11-2014,2.9800000190734863,2.9800000190734863,1000,2.9800000190734863,2.9800000190734863,1.859785079956055
25-11-2014,3.0399999618530273,3.0399999618530273,1100,3.0399999618530273,3.0399999618530273,1.8972305059432983
26-11-2014,3.0,3.0,400,3.0,3.0,1.87226665019989
28-11-2014,3.0,3.0,0,3.0,3.0,1.87226665019989
01-12-2014,3.0,3.0,6000,3.0,3.0,1.87226665019989
02-12-2014,3.0,3.0,1100,3.0,3.0,1.87226665019989
03-12-2014,2.9700000286102295,2.9800000190734863,3000,2.9800000190734863,2.9700000286102295,1.853543996810913
04-12-2014,2.9700000286102295,2.9700000286102295,0,2.9700000286102295,2.9700000286102295,1.853543996810913
05-12-2014,3.069999933242798,3.069999933242798,400,3.069999933242798,3.069999933242798,1.9159530401229856
08-12-2014,3.069999933242798,3.069999933242798,0,3.069999933242798,3.069999933242798,1.9159530401229856
09-12-2014,3.109999895095825,3.109999895095825,8500,3.109999895095825,3.109999895095825,1.940916419029236
10-12-2014,3.109999895095825,3.109999895095825,0,3.109999895095825,3.109999895095825,1.940916419029236
11-12-2014,3.0999999046325684,3.0999999046325684,500,3.130000114440918,3.130000114440918,1.9533987045288088
12-12-2014,3.049999952316284,3.0999999046325684,60500,3.109999895095825,3.0799999237060547,1.9221938848495483
15-12-2014,3.0799999237060547,3.0799999237060547,0,3.0799999237060547,3.0799999237060547,1.9221938848495483
16-12-2014,2.9000000953674316,2.9000000953674316,100,2.9000000953674316,2.9000000953674316,1.809857964515686
17-12-2014,2.9000000953674316,2.9000000953674316,0,2.9000000953674316,2.9000000953674316,1.809857964515686
18-12-2014,2.9000000953674316,2.9000000953674316,0,2.9000000953674316,2.9000000953674316,1.809857964515686
19-12-2014,2.9000000953674316,2.9000000953674316,0,2.9000000953674316,2.9000000953674316,1.809857964515686
22-12-2014,3.009999990463257,3.009999990463257,5300,3.009999990463257,3.009999990463257,1.8785078525543213
23-12-2014,3.009999990463257,3.009999990463257,0,3.009999990463257,3.009999990463257,1.8785078525543213
24-12-2014,3.009999990463257,3.009999990463257,0,3.009999990463257,3.009999990463257,1.8785078525543213
26-12-2014,3.009999990463257,3.009999990463257,0,3.009999990463257,3.009999990463257,1.8785078525543213
29-12-2014,2.9600000381469727,2.9600000381469727,1800,2.9600000381469727,2.9600000381469727,1.8473029136657717
30-12-2014,2.950000047683716,2.950000047683716,900,2.950000047683716,2.950000047683716,1.8410621881484983
31-12-2014,2.9200000762939453,2.9200000762939453,100,2.9200000762939453,2.9200000762939453,1.82233989238739
02-01-2015,2.950000047683716,2.950000047683716,2300,2.950000047683716,2.950000047683716,1.8410621881484983
05-01-2015,2.759999990463257,2.7899999618530273,6200,2.799999952316284,2.799999952316284,1.7474489212036133
06-01-2015,2.75,2.75,100,2.75,2.75,1.7162446975708008
07-01-2015,2.640000104904175,2.690000057220459,4200,2.700000047683716,2.640000104904175,1.647594928741455
08-01-2015,2.759999990463257,2.799999952316284,1100,2.799999952316284,2.759999990463257,1.7224854230880735
09-01-2015,2.6700000762939453,2.700000047683716,200,2.700000047683716,2.6700000762939453,1.6663172245025637
12-01-2015,2.7200000286102295,2.75,1200,2.75,2.7200000286102295,1.6975220441818235
13-01-2015,2.7699999809265137,2.799999952316284,1200,2.869999885559082,2.869999885559082,1.791135311126709
14-01-2015,2.8499999046325684,2.8499999046325684,300,2.859999895095825,2.859999895095825,1.7848941087722778
15-01-2015,2.819999933242798,2.819999933242798,2300,2.819999933242798,2.819999933242798,1.7599307298660278
16-01-2015,2.819999933242798,2.819999933242798,0,2.819999933242798,2.819999933242798,1.7599307298660278
20-01-2015,2.990000009536743,2.990000009536743,32200,3.009999990463257,3.009999990463257,1.8785078525543213
21-01-2015,2.9200000762939453,2.9200000762939453,3500,3.0,3.0,1.87226665019989
22-01-2015,2.990000009536743,2.990000009536743,9900,3.009999990463257,3.009999990463257,1.8785078525543213
23-01-2015,2.9000000953674316,2.9600000381469727,2600,2.9600000381469727,2.9000000953674316,1.809857964515686
26-01-2015,2.940000057220459,2.950000047683716,3200,2.9600000381469727,2.9600000381469727,1.8473029136657717
27-01-2015,3.009999990463257,3.009999990463257,20400,3.009999990463257,3.009999990463257,1.8785078525543213
28-01-2015,2.890000104904175,2.9000000953674316,1100,2.9000000953674316,2.890000104904175,1.8036168813705444
29-01-2015,2.890000104904175,2.890000104904175,0,2.890000104904175,2.890000104904175,1.8036168813705444
30-01-2015,2.890000104904175,2.890000104904175,0,2.890000104904175,2.890000104904175,1.8036168813705444
02-02-2015,2.890000104904175,2.890000104904175,3000,2.930000066757202,2.930000066757202,1.8285807371139529
03-02-2015,3.0199999809265137,3.0199999809265137,800,3.049999952316284,3.049999952316284,1.9034712314605713
04-02-2015,2.950000047683716,2.9700000286102295,41100,2.9700000286102295,2.950000047683716,1.8410621881484983
05-02-2015,2.950000047683716,2.950000047683716,0,2.950000047683716,2.950000047683716,1.8410621881484983
06-02-2015,2.940000057220459,2.940000057220459,400,2.940000057220459,2.940000057220459,1.8348214626312256
09-02-2015,2.940000057220459,2.940000057220459,0,2.940000057220459,2.940000057220459,1.8348214626312256
10-02-2015,2.9100000858306885,2.9100000858306885,3000,2.9200000762939453,2.9200000762939453,1.82233989238739
11-02-2015,2.9200000762939453,2.9200000762939453,20400,2.940000057220459,2.940000057220459,1.8348214626312256
12-02-2015,3.119999885559082,3.119999885559082,583500,3.119999885559082,3.119999885559082,1.947157621383667
13-02-2015,3.119999885559082,3.119999885559082,0,3.119999885559082,3.119999885559082,1.947157621383667
17-02-2015,3.119999885559082,3.119999885559082,0,3.119999885559082,3.119999885559082,1.947157621383667
18-02-2015,3.2799999713897705,3.309999942779541,35400,3.3499999046325684,3.3499999046325684,2.090697765350342
19-02-2015,3.2899999618530273,3.2899999618530273,140400,3.2899999618530273,3.2899999618530273,2.0532524585723877
20-02-2015,3.25,3.25,6600,3.309999942779541,3.309999942779541,2.065734386444092
23-02-2015,3.3299999237060547,3.3399999141693115,11500,3.3399999141693115,3.3299999237060547,2.078216314315796
24-02-2015,3.3299999237060547,3.3299999237060547,0,3.3299999237060547,3.3299999237060547,2.078216314315796
25-02-2015,3.3299999237060547,3.3299999237060547,132100,3.3299999237060547,3.3299999237060547,2.078216314315796
26-02-2015,3.3299999237060547,3.3299999237060547,0,3.3299999237060547,3.3299999237060547,2.078216314315796
27-02-2015,3.3299999237060547,3.3299999237060547,0,3.3299999237060547,3.3299999237060547,2.078216314315796
02-03-2015,3.2799999713897705,3.2799999713897705,8600,3.2799999713897705,3.2799999713897705,2.047011613845825
03-03-2015,3.2799999713897705,3.2799999713897705,0,3.2799999713897705,3.2799999713897705,2.047011613845825
04-03-2015,3.2200000286102295,3.2200000286102295,500,3.2200000286102295,3.2200000286102295,2.009566307067871
05-03-2015,3.2200000286102295,3.2200000286102295,0,3.2200000286102295,3.2200000286102295,2.009566307067871
06-03-2015,3.2200000286102295,3.2200000286102295,0,3.2200000286102295,3.2200000286102295,2.009566307067871
09-03-2015,3.2200000286102295,3.2200000286102295,0,3.2200000286102295,3.2200000286102295,2.009566307067871
10-03-2015,3.180000066757202,3.180000066757202,2000,3.2200000286102295,3.2100000381469727,2.0033252239227295
11-03-2015,3.2100000381469727,3.2100000381469727,0,3.2100000381469727,3.2100000381469727,2.0033252239227295
12-03-2015,3.2100000381469727,3.2200000286102295,7900,3.259999990463257,3.2100000381469727,2.0033252239227295
13-03-2015,3.2100000381469727,3.2100000381469727,0,3.2100000381469727,3.2100000381469727,2.0033252239227295
16-03-2015,3.2899999618530273,3.299999952316284,4400,3.299999952316284,3.2899999618530273,2.0532524585723877
17-03-2015,3.2899999618530273,3.2899999618530273,0,3.2899999618530273,3.2899999618530273,2.0532524585723877
18-03-2015,3.25,3.25,5000,3.25,3.25,2.028289318084717
19-03-2015,3.2300000190734863,3.2300000190734863,10000,3.2300000190734863,3.2300000190734863,2.0158073902130127
20-03-2015,3.2300000190734863,3.2300000190734863,0,3.2300000190734863,3.2300000190734863,2.0158073902130127
23-03-2015,3.2300000190734863,3.2300000190734863,2000,3.2300000190734863,3.2300000190734863,2.0158073902130127
24-03-2015,3.5,3.5,2800,3.509999990463257,3.509999990463257,2.1905517578125
25-03-2015,3.5,3.5,10100,3.5,3.5,2.1843111515045166
26-03-2015,3.390000104904175,3.4100000858306885,5000,3.4100000858306885,3.390000104904175,2.11566162109375
27-03-2015,3.4000000953674316,3.4000000953674316,1500,3.4100000858306885,3.4100000858306885,2.128143310546875
30-03-2015,3.4100000858306885,3.4100000858306885,0,3.4100000858306885,3.4100000858306885,2.128143310546875
31-03-2015,3.4100000858306885,3.4100000858306885,0,3.4100000858306885,3.4100000858306885,2.128143310546875
01-04-2015,3.430000066757202,3.430000066757202,119500,3.440000057220459,3.440000057220459,2.1468660831451416
02-04-2015,3.440000057220459,3.440000057220459,0,3.440000057220459,3.440000057220459,2.1468660831451416
06-04-2015,3.440000057220459,3.440000057220459,0,3.440000057220459,3.440000057220459,2.1468660831451416
07-04-2015,3.5,3.5,1262600,3.509999990463257,3.509999990463257,2.1905517578125
08-04-2015,3.450000047683716,3.450000047683716,36300,3.450000047683716,3.450000047683716,2.153106689453125
09-04-2015,3.440000057220459,3.440000057220459,500,3.440000057220459,3.440000057220459,2.1468660831451416
10-04-2015,3.390000104904175,3.390000104904175,700,3.390000104904175,3.390000104904175,2.11566162109375
13-04-2015,3.390000104904175,3.390000104904175,0,3.390000104904175,3.390000104904175,2.11566162109375
14-04-2015,3.390000104904175,3.390000104904175,0,3.390000104904175,3.390000104904175,2.11566162109375
15-04-2015,3.390000104904175,3.390000104904175,0,3.390000104904175,3.390000104904175,2.11566162109375
16-04-2015,3.390000104904175,3.390000104904175,0,3.390000104904175,3.390000104904175,2.11566162109375
17-04-2015,3.200000047683716,3.200000047683716,2200,3.200000047683716,3.200000047683716,1.997084379196167
20-04-2015,3.200000047683716,3.200000047683716,4000,3.200000047683716,3.200000047683716,1.997084379196167
21-04-2015,3.259999990463257,3.259999990463257,428100,3.259999990463257,3.259999990463257,2.034529685974121
22-04-2015,3.2699999809265137,3.2699999809265137,1200,3.2699999809265137,3.2699999809265137,2.0407705307006836
23-04-2015,3.299999952316284,3.299999952316284,100,3.299999952316284,3.299999952316284,2.05949330329895
24-04-2015,3.25,3.299999952316284,1100,3.299999952316284,3.299999952316284,2.05949330329895
27-04-2015,3.059999942779541,3.059999942779541,1600,3.3499999046325684,3.3499999046325684,2.090697765350342
28-04-2015,3.4200000762939453,3.4200000762939453,1500,3.4200000762939453,3.4200000762939453,2.1343841552734375
29-04-2015,3.380000114440918,3.380000114440918,200,3.380000114440918,3.380000114440918,2.1094205379486084
30-04-2015,3.380000114440918,3.380000114440918,0,3.380000114440918,3.380000114440918,2.1094205379486084
01-05-2015,3.380000114440918,3.380000114440918,0,3.380000114440918,3.380000114440918,2.1094205379486084
04-05-2015,3.380000114440918,3.380000114440918,0,3.380000114440918,3.380000114440918,2.1094205379486084
05-05-2015,3.380000114440918,3.380000114440918,0,3.380000114440918,3.380000114440918,2.1094205379486084
06-05-2015,3.4100000858306885,3.4100000858306885,8500,3.4100000858306885,3.4100000858306885,2.128143310546875
07-05-2015,3.4100000858306885,3.4100000858306885,0,3.4100000858306885,3.4100000858306885,2.128143310546875
08-05-2015,3.5,3.5,9700,3.5899999141693115,3.5899999141693115,2.2404792308807373
11-05-2015,3.5899999141693115,3.5899999141693115,47200,3.5899999141693115,3.5899999141693115,2.2404792308807373
12-05-2015,3.630000114440918,3.630000114440918,400,3.630000114440918,3.630000114440918,2.2654428482055664
13-05-2015,3.700000047683716,3.700000047683716,10000,3.700000047683716,3.700000047683716,2.309128761291504
14-05-2015,3.7100000381469727,3.7100000381469727,3100,3.75,3.75,2.3403334617614746
15-05-2015,3.7699999809265137,3.7799999713897705,1500,3.7799999713897705,3.7699999809265137,2.3528149127960205
18-05-2015,3.690000057220459,3.690000057220459,3100,3.690000057220459,3.690000057220459,2.3528151512145996
19-05-2015,3.690000057220459,3.700000047683716,500,3.700000047683716,3.690000057220459,2.3528151512145996
20-05-2015,3.75,3.75,6100,3.75,3.75,2.3910725116729736
21-05-2015,3.75,3.75,0,3.75,3.75,2.3910725116729736
22-05-2015,3.700000047683716,3.700000047683716,22700,3.7100000381469727,3.7100000381469727,2.365567684173584
26-05-2015,3.549999952316284,3.549999952316284,3200,3.559999942779541,3.549999952316284,2.2635486125946045
27-05-2015,3.549999952316284,3.549999952316284,0,3.549999952316284,3.549999952316284,2.2635486125946045
28-05-2015,3.549999952316284,3.549999952316284,250000,3.549999952316284,3.549999952316284,2.2635486125946045
29-05-2015,3.549999952316284,3.549999952316284,0,3.549999952316284,3.549999952316284,2.2635486125946045
01-06-2015,3.5999999046325684,3.5999999046325684,200,3.5999999046325684,3.5999999046325684,2.295429229736328
02-06-2015,3.5999999046325684,3.5999999046325684,23300,3.5999999046325684,3.5999999046325684,2.295429229736328
03-06-2015,3.5999999046325684,3.5999999046325684,0,3.5999999046325684,3.5999999046325684,2.295429229736328
04-06-2015,3.690000057220459,3.690000057220459,200,3.690000057220459,3.690000057220459,2.3528151512145996
05-06-2015,3.690000057220459,3.690000057220459,0,3.690000057220459,3.690000057220459,2.3528151512145996
08-06-2015,3.690000057220459,3.690000057220459,1200,3.690000057220459,3.690000057220459,2.3528151512145996
09-06-2015,3.690000057220459,3.690000057220459,0,3.690000057220459,3.690000057220459,2.3528151512145996
10-06-2015,3.690000057220459,3.690000057220459,0,3.690000057220459,3.690000057220459,2.3528151512145996
11-06-2015,3.6700000762939458,3.700000047683716,4200,3.700000047683716,3.6700000762939458,2.3400630950927734
12-06-2015,3.569999933242798,3.569999933242798,3600,3.7100000381469727,3.650000095367432,2.327310800552368
15-06-2015,3.650000095367432,3.650000095367432,0,3.650000095367432,3.650000095367432,2.327310800552368
16-06-2015,3.5199999809265137,3.549999952316284,1100,3.5799999237060547,3.5199999809265137,2.244419813156128
17-06-2015,3.5,3.5,5600,3.5,3.5,2.2316675186157227
18-06-2015,3.650000095367432,3.650000095367432,12500,3.650000095367432,3.650000095367432,2.327310800552368
19-06-2015,3.680000066757202,3.680000066757202,1700,3.680000066757202,3.680000066757202,2.3464391231536865
22-06-2015,3.890000104904175,3.890000104904175,400,3.890000104904175,3.890000104904175,2.480339288711548
23-06-2015,4.139999866485596,4.139999866485596,50200,4.139999866485596,4.139999866485596,2.6397438049316406
24-06-2015,4.139999866485596,4.139999866485596,0,4.139999866485596,4.139999866485596,2.6397438049316406
25-06-2015,4.139999866485596,4.139999866485596,0,4.139999866485596,4.139999866485596,2.6397438049316406
26-06-2015,4.139999866485596,4.139999866485596,0,4.139999866485596,4.139999866485596,2.6397438049316406
29-06-2015,3.640000104904175,3.7300000190734863,1000,3.7300000190734863,3.690000057220459,2.3528151512145996
30-06-2015,3.609999895095825,3.7100000381469727,1400,3.7100000381469727,3.609999895095825,2.3018054962158203
01-07-2015,3.740000009536743,3.740000009536743,3300,3.740000009536743,3.740000009536743,2.3846962451934814
02-07-2015,3.740000009536743,3.740000009536743,0,3.740000009536743,3.740000009536743,2.3846962451934814
06-07-2015,3.3499999046325684,3.4200000762939453,4300,3.4200000762939453,3.3499999046325684,2.136024475097656
07-07-2015,3.299999952316284,3.299999952316284,3800,3.3399999141693115,3.3399999141693115,2.129648208618164
08-07-2015,3.3399999141693115,3.3399999141693115,49300,3.3399999141693115,3.3399999141693115,2.129648208618164
09-07-2015,3.3399999141693115,3.3399999141693115,0,3.3399999141693115,3.3399999141693115,2.129648208618164
10-07-2015,3.740000009536743,3.740000009536743,20400,3.759999990463257,3.759999990463257,2.3974483013153076
13-07-2015,3.7799999713897705,3.809999942779541,76800,3.809999942779541,3.7899999618530273,2.416577100753784
14-07-2015,3.7300000190734863,3.7699999809265137,18000,3.7699999809265137,3.7300000190734863,2.3783199787139893
15-07-2015,3.819999933242798,3.819999933242798,1500,3.819999933242798,3.819999933242798,2.4357054233551025
16-07-2015,3.8299999237060542,3.8299999237060542,13200,3.880000114440918,3.869999885559082,2.4675867557525635
17-07-2015,3.869999885559082,3.869999885559082,2100,3.869999885559082,3.869999885559082,2.4675867557525635
20-07-2015,3.869999885559082,3.869999885559082,0,3.869999885559082,3.869999885559082,2.4675867557525635
21-07-2015,3.869999885559082,3.869999885559082,0,3.869999885559082,3.869999885559082,2.4675867557525635
22-07-2015,3.869999885559082,3.869999885559082,0,3.869999885559082,3.869999885559082,2.4675867557525635
23-07-2015,3.869999885559082,3.869999885559082,0,3.869999885559082,3.869999885559082,2.4675867557525635
24-07-2015,3.849999904632568,3.849999904632568,23600,4.039999961853027,4.039999961853027,2.575982093811035
27-07-2015,4.039999961853027,4.039999961853027,0,4.039999961853027,4.039999961853027,2.575982093811035
28-07-2015,4.039999961853027,4.039999961853027,0,4.039999961853027,4.039999961853027,2.575982093811035
29-07-2015,3.799999952316284,3.799999952316284,1100,3.8299999237060542,3.8299999237060542,2.442082166671753
30-07-2015,3.75,3.799999952316284,6500,3.799999952316284,3.7799999713897705,2.410201072692871
31-07-2015,3.839999914169311,3.839999914169311,1000,3.839999914169311,3.839999914169311,2.448458671569824
03-08-2015,3.849999904632568,3.869999885559082,8900,3.869999885559082,3.849999904632568,2.454834222793579
04-08-2015,3.7300000190734863,3.7300000190734863,1300,3.7300000190734863,3.7300000190734863,2.3783199787139893
05-08-2015,3.75,3.75,600,3.75,3.75,2.3910725116729736
06-08-2015,3.75,3.75,0,3.75,3.75,2.3910725116729736
07-08-2015,3.75,3.75,0,3.75,3.75,2.3910725116729736
10-08-2015,3.799999952316284,3.799999952316284,7400,3.859999895095825,3.809999942779541,2.4293291568756104
11-08-2015,3.819999933242798,3.819999933242798,5400,3.880000114440918,3.880000114440918,2.473962783813477
12-08-2015,3.7300000190734863,3.7300000190734863,4600,3.7899999618530273,3.7899999618530273,2.416577100753784
13-08-2015,3.7899999618530273,3.7899999618530273,0,3.7899999618530273,3.7899999618530273,2.416577100753784
14-08-2015,3.740000009536743,3.740000009536743,1100,3.740000009536743,3.740000009536743,2.3846962451934814
17-08-2015,3.740000009536743,3.740000009536743,0,3.740000009536743,3.740000009536743,2.3846962451934814
18-08-2015,3.839999914169311,3.839999914169311,700,3.839999914169311,3.839999914169311,2.448458671569824
19-08-2015,3.839999914169311,3.839999914169311,0,3.839999914169311,3.839999914169311,2.448458671569824
20-08-2015,3.660000085830689,3.6700000762939458,57300,3.7100000381469727,3.660000085830689,2.3336868286132812
21-08-2015,3.559999942779541,3.559999942779541,100,3.559999942779541,3.559999942779541,2.2699248790740967
24-08-2015,3.4000000953674316,3.4200000762939453,34100,3.4200000762939453,3.4000000953674316,2.167905569076538
25-08-2015,3.559999942779541,3.660000085830689,3300,3.660000085830689,3.559999942779541,2.2699248790740967
26-08-2015,3.650000095367432,3.660000085830689,3500,3.660000085830689,3.650000095367432,2.327310800552368
27-08-2015,3.7100000381469727,3.7100000381469727,2600,3.759999990463257,3.759999990463257,2.3974483013153076
28-08-2015,3.630000114440918,3.630000114440918,1800,3.630000114440918,3.630000114440918,2.3145580291748047
31-08-2015,3.650000095367432,3.650000095367432,100,3.650000095367432,3.650000095367432,2.327310800552368
01-09-2015,3.650000095367432,3.650000095367432,0,3.650000095367432,3.650000095367432,2.327310800552368
02-09-2015,3.650000095367432,3.650000095367432,0,3.650000095367432,3.650000095367432,2.327310800552368
03-09-2015,3.650000095367432,3.650000095367432,100,3.650000095367432,3.650000095367432,2.327310800552368
04-09-2015,3.650000095367432,3.650000095367432,0,3.650000095367432,3.650000095367432,2.327310800552368
08-09-2015,3.569999933242798,3.5799999237060547,2600,3.5799999237060547,3.569999933242798,2.2763009071350098
09-09-2015,3.5799999237060547,3.619999885559082,5600,3.619999885559082,3.5799999237060547,2.282677173614502
10-09-2015,3.5799999237060547,3.5799999237060547,0,3.5799999237060547,3.5799999237060547,2.282677173614502
11-09-2015,3.5799999237060547,3.5799999237060547,0,3.5799999237060547,3.5799999237060547,2.282677173614502
14-09-2015,3.5799999237060547,3.5799999237060547,0,3.5799999237060547,3.5799999237060547,2.282677173614502
15-09-2015,3.5799999237060547,3.5799999237060547,0,3.5799999237060547,3.5799999237060547,2.282677173614502
16-09-2015,3.559999942779541,3.559999942779541,3600,3.559999942779541,3.559999942779541,2.2699248790740967
17-09-2015,3.5899999141693115,3.5899999141693115,3400,3.619999885559082,3.609999895095825,2.3018054962158203
18-09-2015,3.4800000190734863,3.5299999713897705,24500,3.5299999713897705,3.4800000190734863,2.2189152240753174
21-09-2015,3.5,3.559999942779541,1900,3.559999942779541,3.5,2.2316675186157227
22-09-2015,3.4100000858306885,3.4100000858306885,1800,3.4100000858306885,3.4100000858306885,2.174281358718872
23-09-2015,3.4100000858306885,3.450000047683716,3700,3.450000047683716,3.4100000858306885,2.174281358718872
24-09-2015,3.4100000858306885,3.4100000858306885,19900,3.4100000858306885,3.4100000858306885,2.174281358718872
25-09-2015,3.4700000286102295,3.4700000286102295,100,3.4700000286102295,3.4700000286102295,2.212538957595825
28-09-2015,3.4700000286102295,3.4700000286102295,3800,3.4700000286102295,3.4700000286102295,2.212538957595825
29-09-2015,3.4700000286102295,3.4700000286102295,0,3.4700000286102295,3.4700000286102295,2.212538957595825
30-09-2015,3.4700000286102295,3.4700000286102295,0,3.4700000286102295,3.4700000286102295,2.212538957595825
01-10-2015,3.450000047683716,3.450000047683716,6700,3.4800000190734863,3.4800000190734863,2.2189152240753174
02-10-2015,3.4800000190734863,3.4800000190734863,25000,3.4800000190734863,3.4800000190734863,2.2189152240753174
05-10-2015,3.4800000190734863,3.4800000190734863,0,3.4800000190734863,3.4800000190734863,2.2189152240753174
06-10-2015,3.4800000190734863,3.4800000190734863,0,3.4800000190734863,3.4800000190734863,2.2189152240753174
07-10-2015,3.4800000190734863,3.4800000190734863,0,3.4800000190734863,3.4800000190734863,2.2189152240753174
08-10-2015,3.4800000190734863,3.4800000190734863,0,3.4800000190734863,3.4800000190734863,2.2189152240753174
09-10-2015,3.619999885559082,3.619999885559082,800,3.619999885559082,3.619999885559082,2.3081820011138916
12-10-2015,3.5799999237060547,3.5799999237060547,7300,3.5899999141693115,3.5899999141693115,2.289053201675415
13-10-2015,3.569999933242798,3.569999933242798,3600,3.5999999046325684,3.5999999046325684,2.295429229736328
14-10-2015,3.660000085830689,3.660000085830689,500,3.660000085830689,3.660000085830689,2.3336868286132812
15-10-2015,3.630000114440918,3.630000114440918,26800,3.630000114440918,3.630000114440918,2.3145580291748047
16-10-2015,3.630000114440918,3.630000114440918,0,3.630000114440918,3.630000114440918,2.3145580291748047
19-10-2015,3.75,3.75,300,3.75,3.75,2.3910725116729736
20-10-2015,3.690000057220459,3.700000047683716,2400,3.7300000190734863,3.7300000190734863,2.3783199787139893
21-10-2015,3.690000057220459,3.690000057220459,500,3.690000057220459,3.690000057220459,2.3528151512145996
22-10-2015,3.5999999046325684,3.5999999046325684,17000,3.5999999046325684,3.5999999046325684,2.295429229736328
23-10-2015,3.5999999046325684,3.5999999046325684,0,3.5999999046325684,3.5999999046325684,2.295429229736328
26-10-2015,3.5999999046325684,3.5999999046325684,0,3.5999999046325684,3.5999999046325684,2.295429229736328
27-10-2015,3.549999952316284,3.559999942779541,4000,3.559999942779541,3.549999952316284,2.2635486125946045
28-10-2015,3.549999952316284,3.549999952316284,0,3.549999952316284,3.549999952316284,2.2635486125946045
29-10-2015,3.509999990463257,3.509999990463257,1200,3.509999990463257,3.509999990463257,2.2380435466766357
30-10-2015,3.5,3.5,2900,3.5,3.5,2.2316675186157227
02-11-2015,3.5,3.5,0,3.5,3.5,2.2316675186157227
03-11-2015,3.5,3.5,367800,3.5,3.5,2.2316675186157227
04-11-2015,3.3499999046325684,3.3499999046325684,3100,3.3499999046325684,3.3499999046325684,2.136024475097656
05-11-2015,3.3499999046325684,3.3499999046325684,1000,3.3499999046325684,3.3499999046325684,2.136024475097656
06-11-2015,3.3499999046325684,3.3499999046325684,0,3.3499999046325684,3.3499999046325684,2.136024475097656
09-11-2015,3.359999895095825,3.359999895095825,50000,3.369999885559082,3.369999885559082,2.1487770080566406
10-11-2015,3.359999895095825,3.359999895095825,49200,3.369999885559082,3.369999885559082,2.1487770080566406
11-11-2015,3.369999885559082,3.369999885559082,0,3.369999885559082,3.369999885559082,2.1487770080566406
12-11-2015,3.369999885559082,3.369999885559082,0,3.369999885559082,3.369999885559082,2.1487770080566406
13-11-2015,3.369999885559082,3.369999885559082,75000,3.369999885559082,3.369999885559082,2.1487770080566406
16-11-2015,3.359999895095825,3.359999895095825,309400,3.359999895095825,3.359999895095825,2.142401218414306
17-11-2015,3.3499999046325684,3.4000000953674316,1700,3.4000000953674316,3.3499999046325684,2.136024475097656
18-11-2015,3.3499999046325684,3.3499999046325684,750000,3.3499999046325684,3.3499999046325684,2.136024475097656
19-11-2015,3.3499999046325684,3.3499999046325684,0,3.3499999046325684,3.3499999046325684,2.136024475097656
20-11-2015,3.2899999618530273,3.2899999618530273,300,3.2899999618530273,3.2899999618530273,2.0977673530578613
23-11-2015,3.2899999618530273,3.2899999618530273,0,3.2899999618530273,3.2899999618530273,2.0977673530578613
24-11-2015,3.2899999618530273,3.2899999618530273,0,3.2899999618530273,3.2899999618530273,2.0977673530578613
25-11-2015,3.3499999046325684,3.3499999046325684,1000,3.3499999046325684,3.3499999046325684,2.136024475097656
27-11-2015,3.390000104904175,3.390000104904175,800,3.390000104904175,3.390000104904175,2.161529541015625
30-11-2015,3.390000104904175,3.390000104904175,0,3.390000104904175,3.390000104904175,2.161529541015625
01-12-2015,3.390000104904175,3.390000104904175,0,3.390000104904175,3.390000104904175,2.161529541015625
02-12-2015,3.390000104904175,3.390000104904175,0,3.390000104904175,3.390000104904175,2.161529541015625
03-12-2015,3.4000000953674316,3.4000000953674316,100,3.4000000953674316,3.4000000953674316,2.167905569076538
04-12-2015,3.4000000953674316,3.4000000953674316,0,3.4000000953674316,3.4000000953674316,2.167905569076538
07-12-2015,3.4000000953674316,3.4000000953674316,0,3.4000000953674316,3.4000000953674316,2.167905569076538
08-12-2015,3.4000000953674316,3.4000000953674316,11800,3.4000000953674316,3.4000000953674316,2.167905569076538
09-12-2015,3.4000000953674316,3.4000000953674316,0,3.4000000953674316,3.4000000953674316,2.167905569076538
10-12-2015,3.4000000953674316,3.4000000953674316,35000,3.4000000953674316,3.4000000953674316,2.167905569076538
11-12-2015,3.4000000953674316,3.4000000953674316,0,3.4000000953674316,3.4000000953674316,2.167905569076538
14-12-2015,3.4000000953674316,3.4000000953674316,0,3.4000000953674316,3.4000000953674316,2.167905569076538
15-12-2015,3.380000114440918,3.380000114440918,220600,3.380000114440918,3.380000114440918,2.155153274536133
16-12-2015,3.3499999046325684,3.3499999046325684,500,3.3499999046325684,3.3499999046325684,2.136024475097656
17-12-2015,3.369999885559082,3.390000104904175,52800,3.390000104904175,3.369999885559082,2.1487770080566406
18-12-2015,3.319999933242798,3.3499999046325684,5300,3.3499999046325684,3.319999933242798,2.116895914077759
21-12-2015,3.359999895095825,3.359999895095825,5700,3.359999895095825,3.359999895095825,2.142401218414306
22-12-2015,3.359999895095825,3.359999895095825,0,3.359999895095825,3.359999895095825,2.142401218414306
23-12-2015,3.359999895095825,3.359999895095825,0,3.359999895095825,3.359999895095825,2.142401218414306
24-12-2015,3.359999895095825,3.359999895095825,0,3.359999895095825,3.359999895095825,2.142401218414306
28-12-2015,3.4000000953674316,3.4000000953674316,25900,3.4000000953674316,3.4000000953674316,2.167905569076538
29-12-2015,3.4000000953674316,3.4000000953674316,0,3.4000000953674316,3.4000000953674316,2.167905569076538
30-12-2015,3.4000000953674316,3.4000000953674316,0,3.4000000953674316,3.4000000953674316,2.167905569076538
31-12-2015,3.3299999237060547,3.3499999046325684,1100,3.390000104904175,3.3299999237060547,2.12327241897583
04-01-2016,3.2200000286102295,3.2200000286102295,875000,3.25,3.25,2.0722625255584717
05-01-2016,3.2200000286102295,3.2200000286102295,5900,3.25,3.2200000286102295,2.053133964538574
06-01-2016,3.2200000286102295,3.2200000286102295,0,3.2200000286102295,3.2200000286102295,2.053133964538574
07-01-2016,3.1500000953674316,3.1500000953674316,300,3.1500000953674316,3.1500000953674316,2.008500814437866
08-01-2016,3.1500000953674316,3.1500000953674316,400,3.1500000953674316,3.1500000953674316,2.008500814437866
11-01-2016,3.1600000858306885,3.1600000858306885,300,3.1600000858306885,3.1600000858306885,2.0148768424987793
12-01-2016,3.140000104904175,3.140000104904175,5200,3.140000104904175,3.140000104904175,2.002124786376953
13-01-2016,3.0999999046325684,3.180000066757202,38900,3.180000066757202,3.0999999046325684,1.976619839668274
14-01-2016,3.119999885559082,3.130000114440918,39400,3.180000066757202,3.1600000858306885,2.0148768424987793
15-01-2016,3.0199999809265137,3.109999895095825,1100,3.109999895095825,3.0199999809265137,1.925610065460205
19-01-2016,2.9000000953674316,2.9200000762939453,225900,2.930000066757202,2.9100000858306885,1.8554723262786863
20-01-2016,2.7300000190734863,2.8399999141693115,45000,2.8499999046325684,2.75,1.7534528970718384
21-01-2016,2.8499999046325684,2.8499999046325684,45000,2.880000114440918,2.859999895095825,1.823591232299805
22-01-2016,2.9200000762939453,2.9200000762939453,7600,2.9200000762939453,2.9200000762939453,1.8618484735488892
25-01-2016,2.8399999141693115,2.8399999141693115,300,2.8399999141693115,2.8399999141693115,1.8108385801315308
26-01-2016,2.9000000953674316,2.9000000953674316,4200,2.9000000953674316,2.9000000953674316,1.8490959405899048
27-01-2016,2.859999895095825,2.859999895095825,1000,2.9000000953674316,2.9000000953674316,1.8490959405899048
28-01-2016,2.9000000953674316,2.9000000953674316,0,2.9000000953674316,2.9000000953674316,1.8490959405899048
29-01-2016,2.809999942779541,2.8499999046325684,6800,2.8499999046325684,2.8499999046325684,1.8172147274017336
01-02-2016,2.7899999618530273,2.7899999618530273,10000,2.8299999237060547,2.8299999237060547,1.8044627904891968
02-02-2016,2.8299999237060547,2.8299999237060547,0,2.8299999237060547,2.8299999237060547,1.8044627904891968
03-02-2016,2.5999999046325684,2.5999999046325684,1900,2.640000104904175,2.640000104904175,1.6833150386810305
04-02-2016,2.759999990463257,2.759999990463257,124700,2.759999990463257,2.759999990463257,1.75982928276062
05-02-2016,2.6500000953674316,2.690000057220459,28000,2.690000057220459,2.6500000953674316,1.6896910667419434
08-02-2016,2.5199999809265137,2.549999952316284,22800,2.559999942779541,2.549999952316284,1.6259292364120483
09-02-2016,2.4000000953674316,2.4000000953674316,7100,2.4000000953674316,2.4000000953674316,1.530286192893982
10-02-2016,2.740000009536743,2.740000009536743,2900,2.7799999713897705,2.7799999713897705,1.7725815773010254
11-02-2016,2.7799999713897705,2.7799999713897705,0,2.7799999713897705,2.7799999713897705,1.7725815773010254
12-02-2016,2.6500000953674316,2.6500000953674316,1500,2.6500000953674316,2.6500000953674316,1.6896910667419434
16-02-2016,2.6500000953674316,2.6500000953674316,0,2.6500000953674316,2.6500000953674316,1.6896910667419434
17-02-2016,2.75,2.7699999809265137,5100,2.7699999809265137,2.75,1.7534528970718384
18-02-2016,2.609999895095825,2.75,66600,2.75,2.609999895095825,1.6641863584518433
19-02-2016,2.609999895095825,2.609999895095825,0,2.609999895095825,2.609999895095825,1.6641863584518433
22-02-2016,2.640000104904175,2.6500000953674316,245000,2.6500000953674316,2.640000104904175,1.6833150386810305
23-02-2016,2.640000104904175,2.640000104904175,0,2.640000104904175,2.640000104904175,1.6833150386810305
24-02-2016,2.640000104904175,2.640000104904175,0,2.640000104904175,2.640000104904175,1.6833150386810305
25-02-2016,2.549999952316284,2.549999952316284,1000,2.549999952316284,2.549999952316284,1.6259292364120483
26-02-2016,2.549999952316284,2.549999952316284,0,2.549999952316284,2.549999952316284,1.6259292364120483
29-02-2016,2.509999990463257,2.509999990463257,2900,2.509999990463257,2.509999990463257,1.6004245281219482
01-03-2016,2.609999895095825,2.609999895095825,15500,2.609999895095825,2.609999895095825,1.6641863584518433
02-03-2016,2.6700000762939453,2.6700000762939453,400,2.6700000762939453,2.6700000762939453,1.7024434804916382
03-03-2016,2.8399999141693115,2.8399999141693115,600,2.8399999141693115,2.8399999141693115,1.8108385801315308
04-03-2016,2.75,2.75,600,2.809999942779541,2.809999942779541,1.7917101383209229
07-03-2016,2.6700000762939453,2.6700000762939453,9100,2.740000009536743,2.740000009536743,1.7470767498016355
08-03-2016,2.740000009536743,2.740000009536743,0,2.740000009536743,2.740000009536743,1.7470767498016355
09-03-2016,2.740000009536743,2.740000009536743,9300,2.740000009536743,2.740000009536743,1.7470767498016355
10-03-2016,2.819999933242798,2.9200000762939453,42700,2.9200000762939453,2.819999933242798,1.798086404800415
11-03-2016,2.819999933242798,2.819999933242798,0,2.819999933242798,2.819999933242798,1.798086404800415
14-03-2016,2.819999933242798,2.819999933242798,0,2.819999933242798,2.819999933242798,1.798086404800415
15-03-2016,2.930000066757202,2.930000066757202,23900,2.930000066757202,2.930000066757202,1.868224620819092
16-03-2016,2.859999895095825,2.859999895095825,5100,2.880000114440918,2.880000114440918,1.83634352684021
17-03-2016,2.880000114440918,2.880000114440918,0,2.880000114440918,2.880000114440918,1.83634352684021
18-03-2016,2.880000114440918,2.880000114440918,0,2.880000114440918,2.880000114440918,1.83634352684021
21-03-2016,2.809999942779541,2.809999942779541,7700,2.809999942779541,2.809999942779541,1.7917101383209229
22-03-2016,2.7899999618530273,2.7899999618530273,1200,2.7899999618530273,2.7899999618530273,1.778958082199097
23-03-2016,2.7200000286102295,2.7300000190734863,62600,2.7300000190734863,2.7200000286102295,1.7343244552612305
24-03-2016,2.680000066757202,2.680000066757202,28400,2.7100000381469727,2.7100000381469727,1.7279484272003174
28-03-2016,2.6700000762939453,2.6700000762939453,2100,2.75,2.75,1.7534528970718384
29-03-2016,2.75,2.75,0,2.75,2.75,1.7534528970718384
30-03-2016,2.75,2.75,1800,2.75,2.75,1.7534528970718384
31-03-2016,2.740000009536743,2.740000009536743,3200,2.75,2.75,1.7534528970718384
01-04-2016,2.680000066757202,2.680000066757202,6000,2.680000066757202,2.680000066757202,1.7088197469711304
04-04-2016,2.680000066757202,2.680000066757202,0,2.680000066757202,2.680000066757202,1.7088197469711304
05-04-2016,2.5,2.5,206100,2.559999942779541,2.5,1.594048261642456
06-04-2016,2.5,2.5,0,2.5,2.5,1.594048261642456
07-04-2016,2.4700000286102295,2.4700000286102295,1000,2.4700000286102295,2.4700000286102295,1.5749197006225586
08-04-2016,2.4700000286102295,2.4700000286102295,0,2.4700000286102295,2.4700000286102295,1.5749197006225586
11-04-2016,2.680000066757202,2.690000057220459,4700,2.690000057220459,2.690000057220459,1.7151960134506226
12-04-2016,2.4800000190734863,2.5,200,2.5,2.4800000190734863,1.5812958478927612
13-04-2016,2.7100000381469727,2.7100000381469727,3700,2.75,2.75,1.7534528970718384
14-04-2016,2.75,2.75,0,2.75,2.75,1.7534528970718384
15-04-2016,2.75,2.75,0,2.75,2.75,1.7534528970718384
18-04-2016,2.75,2.75,0,2.75,2.75,1.7534528970718384
19-04-2016,2.75,2.75,0,2.75,2.75,1.7534528970718384
20-04-2016,2.75,2.75,0,2.75,2.75,1.7534528970718384
21-04-2016,2.75,2.75,27800,2.75,2.75,1.7534528970718384
22-04-2016,2.799999952316284,2.799999952316284,100,2.799999952316284,2.799999952316284,1.7853339910507202
25-04-2016,2.799999952316284,2.799999952316284,0,2.799999952316284,2.799999952316284,1.7853339910507202
26-04-2016,2.799999952316284,2.799999952316284,0,2.799999952316284,2.799999952316284,1.7853339910507202
27-04-2016,2.809999942779541,2.809999942779541,200,2.809999942779541,2.809999942779541,1.7917101383209229
28-04-2016,2.809999942779541,2.809999942779541,1300,2.809999942779541,2.809999942779541,1.7917101383209229
29-04-2016,2.809999942779541,2.809999942779541,0,2.809999942779541,2.809999942779541,1.7917101383209229
02-05-2016,2.7100000381469727,2.75,19700,2.75,2.7100000381469727,1.7279484272003174
03-05-2016,2.7100000381469727,2.7100000381469727,0,2.7100000381469727,2.7100000381469727,1.7279484272003174
04-05-2016,2.7100000381469727,2.7100000381469727,0,2.7100000381469727,2.7100000381469727,1.7279484272003174
05-05-2016,2.7100000381469727,2.7100000381469727,0,2.7100000381469727,2.7100000381469727,1.7279484272003174
06-05-2016,2.7100000381469727,2.7100000381469727,1172200,2.7100000381469727,2.7100000381469727,1.7279484272003174
09-05-2016,2.7100000381469727,2.7100000381469727,0,2.7100000381469727,2.7100000381469727,1.7279484272003174
10-05-2016,2.569999933242798,2.569999933242798,4600,2.569999933242798,2.569999933242798,1.638681411743164
11-05-2016,2.549999952316284,2.549999952316284,300,2.559999942779541,2.559999942779541,1.6323055028915403
12-05-2016,2.559999942779541,2.559999942779541,0,2.559999942779541,2.559999942779541,1.6323055028915403
13-05-2016,2.559999942779541,2.559999942779541,0,2.559999942779541,2.559999942779541,1.6323055028915403
16-05-2016,2.559999942779541,2.559999942779541,0,2.559999942779541,2.559999942779541,1.6323055028915403
17-05-2016,2.490000009536743,2.490000009536743,13000,2.490000009536743,2.490000009536743,1.5876718759536743
18-05-2016,2.5,2.5,200,2.5,2.5,1.594048261642456
19-05-2016,2.5999999046325684,2.5999999046325684,2000,2.5999999046325684,2.5999999046325684,1.6578102111816406
20-05-2016,2.569999933242798,2.5799999237060547,9000,2.5999999046325684,2.569999933242798,1.638681411743164
23-05-2016,2.4200000762939453,2.450000047683716,300,2.4600000381469727,2.4200000762939453,1.6434354782104492
24-05-2016,2.5399999618530273,2.5399999618530273,109300,2.559999942779541,2.559999942779541,1.7385101318359375
25-05-2016,2.5999999046325684,2.5999999046325684,18900,2.5999999046325684,2.5999999046325684,1.7656742334365845
26-05-2016,2.630000114440918,2.630000114440918,3300,2.630000114440918,2.630000114440918,1.7860475778579712
27-05-2016,2.630000114440918,2.630000114440918,59100,2.630000114440918,2.630000114440918,1.7860475778579712
31-05-2016,2.549999952316284,2.549999952316284,163600,2.5899999141693115,2.5899999141693115,1.7588832378387451
01-06-2016,2.549999952316284,2.549999952316284,700,2.549999952316284,2.549999952316284,1.7317193746566772
02-06-2016,2.549999952316284,2.549999952316284,0,2.549999952316284,2.549999952316284,1.7317193746566772
03-06-2016,2.549999952316284,2.549999952316284,0,2.549999952316284,2.549999952316284,1.7317193746566772
06-06-2016,2.549999952316284,2.549999952316284,0,2.549999952316284,2.549999952316284,1.7317193746566772
07-06-2016,2.549999952316284,2.549999952316284,0,2.549999952316284,2.549999952316284,1.7317193746566772
08-06-2016,2.549999952316284,2.549999952316284,0,2.549999952316284,2.549999952316284,1.7317193746566772
09-06-2016,2.549999952316284,2.549999952316284,0,2.549999952316284,2.549999952316284,1.7317193746566772
10-06-2016,2.3499999046325684,2.3499999046325684,3000,2.369999885559082,2.369999885559082,1.6094800233840942
13-06-2016,2.25,2.25,3000,2.25,2.25,1.5279874801635742
14-06-2016,2.119999885559082,2.119999885559082,1100,2.119999885559082,2.119999885559082,1.4397035837173462
15-06-2016,2.119999885559082,2.119999885559082,0,2.119999885559082,2.119999885559082,1.4397035837173462
16-06-2016,2.200000047683716,2.200000047683716,100,2.200000047683716,2.200000047683716,1.4940321445465088
17-06-2016,2.200000047683716,2.200000047683716,0,2.200000047683716,2.200000047683716,1.4940321445465088
20-06-2016,2.380000114440918,2.380000114440918,600300,2.380000114440918,2.380000114440918,1.6162712574005127
21-06-2016,2.4600000381469727,2.4600000381469727,500,2.4600000381469727,2.4600000381469727,1.6705995798110962
22-06-2016,2.4200000762939453,2.4200000762939453,1300,2.4200000762939453,2.4200000762939453,1.6434354782104492
23-06-2016,2.4200000762939453,2.4200000762939453,0,2.4200000762939453,2.4200000762939453,1.6434354782104492
24-06-2016,1.899999976158142,1.899999976158142,2600,1.899999976158142,1.899999976158142,1.2903004884719849
27-06-2016,1.659999966621399,1.7200000286102295,462400,1.7400000095367432,1.7200000286102295,1.1680614948272705
28-06-2016,1.7699999809265137,1.809999942779541,49800,1.850000023841858,1.840000033378601,1.2495542764663696
29-06-2016,1.8200000524520872,1.8700000047683716,51000,1.8700000047683716,1.8200000524520872,1.2359720468521118
30-06-2016,1.909999966621399,1.919999957084656,55000,1.9600000381469729,1.9600000381469729,1.3310468196868896
01-07-2016,1.850000023841858,1.8899999856948853,8100,1.8899999856948853,1.8899999856948853,1.283509373664856
05-07-2016,1.75,1.830000042915344,2700,1.830000042915344,1.75,1.1884347200393677
06-07-2016,1.7400000095367432,1.75,12700,1.7899999618530271,1.7899999618530271,1.2155989408493042
07-07-2016,1.75,1.75,200,1.75,1.75,1.1884347200393677
08-07-2016,1.9299999475479128,1.940000057220459,11000,1.9600000381469729,1.9600000381469729,1.3310468196868896
11-07-2016,1.9600000381469729,1.9600000381469729,4000,1.9600000381469729,1.9600000381469729,1.3310468196868896
12-07-2016,2.0999999046325684,2.1500000953674316,28100,2.1500000953674316,2.0999999046325684,1.426121473312378
13-07-2016,2.0799999237060547,2.109999895095825,3500,2.109999895095825,2.0799999237060547,1.4125394821166992
14-07-2016,2.1600000858306885,2.180000066757202,266800,2.180000066757202,2.180000066757202,1.4804500341415403
15-07-2016,2.109999895095825,2.109999895095825,1700,2.1600000858306885,2.1600000858306885,1.4668679237365725
18-07-2016,2.119999885559082,2.130000114440918,2700,2.130000114440918,2.119999885559082,1.4397035837173462
19-07-2016,2.0899999141693115,2.0899999141693115,152700,2.1500000953674316,2.130000114440918,1.4464948177337646
20-07-2016,2.140000104904175,2.140000104904175,2500,2.1700000762939453,2.1700000762939453,1.4736591577529907
21-07-2016,2.130000114440918,2.1500000953674316,18000,2.1500000953674316,2.130000114440918,1.4464948177337646
22-07-2016,2.130000114440918,2.130000114440918,0,2.130000114440918,2.130000114440918,1.4464948177337646
25-07-2016,2.0999999046325684,2.130000114440918,92700,2.130000114440918,2.109999895095825,1.4329125881195068
26-07-2016,2.0999999046325684,2.0999999046325684,3600,2.0999999046325684,2.0999999046325684,1.426121473312378
27-07-2016,2.0999999046325684,2.0999999046325684,0,2.0999999046325684,2.0999999046325684,1.426121473312378
28-07-2016,2.0899999141693115,2.0899999141693115,3500,2.0899999141693115,2.0899999141693115,1.4193304777145386
29-07-2016,2.240000009536743,2.240000009536743,300,2.25,2.25,1.5279874801635742
01-08-2016,2.0899999141693115,2.109999895095825,4400,2.109999895095825,2.0899999141693115,1.4193304777145386
02-08-2016,2.0899999141693115,2.0899999141693115,0,2.0899999141693115,2.0899999141693115,1.4193304777145386
03-08-2016,2.049999952316284,2.069999933242798,88200,2.0799999237060547,2.069999933242798,1.4057483673095703
04-08-2016,2.069999933242798,2.069999933242798,4900,2.069999933242798,2.069999933242798,1.4057483673095703
05-08-2016,2.069999933242798,2.069999933242798,0,2.069999933242798,2.069999933242798,1.4057483673095703
08-08-2016,2.1500000953674316,2.1700000762939453,6200,2.1700000762939453,2.1600000858306885,1.4668679237365725
09-08-2016,2.1600000858306885,2.1600000858306885,0,2.1600000858306885,2.1600000858306885,1.4668679237365725
10-08-2016,2.1600000858306885,2.1600000858306885,0,2.1600000858306885,2.1600000858306885,1.4668679237365725
11-08-2016,2.1600000858306885,2.1600000858306885,0,2.1600000858306885,2.1600000858306885,1.4668679237365725
12-08-2016,2.2200000286102295,2.2300000190734863,300,2.2300000190734863,2.2200000286102295,1.5076141357421875
15-08-2016,2.2200000286102295,2.2200000286102295,0,2.2200000286102295,2.2200000286102295,1.5076141357421875
16-08-2016,2.1700000762939453,2.1700000762939453,1600,2.1700000762939453,2.1700000762939453,1.4736591577529907
17-08-2016,2.1600000858306885,2.1700000762939453,15000,2.1700000762939453,2.1600000858306885,1.4668679237365725
18-08-2016,2.1600000858306885,2.1600000858306885,0,2.1600000858306885,2.1600000858306885,1.4668679237365725
19-08-2016,2.0799999237060547,2.0799999237060547,5000,2.0799999237060547,2.0799999237060547,1.4125394821166992
22-08-2016,2.0799999237060547,2.0799999237060547,0,2.0799999237060547,2.0799999237060547,1.4125394821166992
23-08-2016,2.0799999237060547,2.0799999237060547,0,2.0799999237060547,2.0799999237060547,1.4125394821166992
24-08-2016,2.0799999237060547,2.0799999237060547,0,2.0799999237060547,2.0799999237060547,1.4125394821166992
25-08-2016,2.0799999237060547,2.0799999237060547,0,2.0799999237060547,2.0799999237060547,1.4125394821166992
26-08-2016,2.259999990463257,2.259999990463257,196400,2.259999990463257,2.259999990463257,1.534778356552124
29-08-2016,2.259999990463257,2.259999990463257,0,2.259999990463257,2.259999990463257,1.534778356552124
30-08-2016,2.25,2.25,1900,2.259999990463257,2.25,1.5279874801635742
31-08-2016,2.3399999141693115,2.3399999141693115,1100,2.359999895095825,2.359999895095825,1.6026891469955444
01-09-2016,2.359999895095825,2.359999895095825,0,2.359999895095825,2.359999895095825,1.6026891469955444
02-09-2016,2.359999895095825,2.359999895095825,0,2.359999895095825,2.359999895095825,1.6026891469955444
06-09-2016,2.359999895095825,2.359999895095825,0,2.359999895095825,2.359999895095825,1.6026891469955444
07-09-2016,2.4100000858306885,2.4100000858306885,13200,2.4100000858306885,2.4100000858306885,1.6366443634033203
08-09-2016,2.4100000858306885,2.4100000858306885,0,2.4100000858306885,2.4100000858306885,1.6366443634033203
09-09-2016,2.430000066757202,2.430000066757202,21200,2.440000057220459,2.430000066757202,1.6502264738082886
12-09-2016,2.380000114440918,2.380000114440918,800,2.380000114440918,2.380000114440918,1.6162712574005127
13-09-2016,2.380000114440918,2.380000114440918,0,2.380000114440918,2.380000114440918,1.6162712574005127
14-09-2016,2.380000114440918,2.380000114440918,0,2.380000114440918,2.380000114440918,1.6162712574005127
15-09-2016,2.2899999618530273,2.2899999618530273,1000,2.2899999618530273,2.2899999618530273,1.5551518201828003
16-09-2016,2.2899999618530273,2.2899999618530273,0,2.2899999618530273,2.2899999618530273,1.5551518201828003
19-09-2016,2.2899999618530273,2.2899999618530273,0,2.2899999618530273,2.2899999618530273,1.5551518201828003
20-09-2016,2.2300000190734863,2.2300000190734863,7700,2.2300000190734863,2.2300000190734863,1.5144054889678955
21-09-2016,2.2300000190734863,2.2300000190734863,50500,2.2300000190734863,2.2300000190734863,1.5144054889678955
22-09-2016,2.319999933242798,2.3299999237060547,2800,2.3399999141693115,2.3399999141693115,1.589106798171997
23-09-2016,2.3399999141693115,2.3399999141693115,1600,2.3399999141693115,2.3399999141693115,1.589106798171997
26-09-2016,2.3399999141693115,2.3399999141693115,0,2.3399999141693115,2.3399999141693115,1.589106798171997
27-09-2016,2.1700000762939453,2.1700000762939453,764600,2.180000066757202,2.180000066757202,1.4804500341415403
28-09-2016,2.180000066757202,2.180000066757202,0,2.180000066757202,2.180000066757202,1.4804500341415403
29-09-2016,2.1600000858306885,2.190000057220459,2900,2.190000057220459,2.1600000858306885,1.4668679237365725
30-09-2016,2.2200000286102295,2.2200000286102295,12000,2.25,2.25,1.5279874801635742
03-10-2016,2.140000104904175,2.140000104904175,500,2.140000104904175,2.140000104904175,1.453285813331604
04-10-2016,2.1600000858306885,2.1600000858306885,3800,2.1600000858306885,2.1600000858306885,1.4668679237365725
05-10-2016,2.2300000190734863,2.2300000190734863,1200,2.2300000190734863,2.2300000190734863,1.5144054889678955
06-10-2016,2.2300000190734863,2.2300000190734863,200,2.2300000190734863,2.2300000190734863,1.5144054889678955
07-10-2016,2.2300000190734863,2.2300000190734863,0,2.2300000190734863,2.2300000190734863,1.5144054889678955
10-10-2016,2.2300000190734863,2.2300000190734863,3900,2.2300000190734863,2.2300000190734863,1.5144054889678955
11-10-2016,2.1700000762939453,2.1700000762939453,100,2.1700000762939453,2.1700000762939453,1.4736591577529907
12-10-2016,2.1700000762939453,2.1700000762939453,0,2.1700000762939453,2.1700000762939453,1.4736591577529907
13-10-2016,2.1700000762939453,2.1700000762939453,0,2.1700000762939453,2.1700000762939453,1.4736591577529907
14-10-2016,2.1700000762939453,2.1700000762939453,0,2.1700000762939453,2.1700000762939453,1.4736591577529907
17-10-2016,2.1700000762939453,2.1700000762939453,2800,2.1700000762939453,2.1700000762939453,1.4736591577529907
18-10-2016,2.25,2.25,210500,2.25,2.25,1.5279874801635742
19-10-2016,2.25,2.25,0,2.25,2.25,1.5279874801635742
20-10-2016,2.25,2.25,0,2.25,2.25,1.5279874801635742
21-10-2016,2.2899999618530273,2.2899999618530273,12600,2.2899999618530273,2.2899999618530273,1.5551518201828003
24-10-2016,2.3299999237060547,2.3299999237060547,400,2.3299999237060547,2.3299999237060547,1.5823158025741575
25-10-2016,2.3299999237060547,2.3299999237060547,0,2.3299999237060547,2.3299999237060547,1.5823158025741575
26-10-2016,2.3499999046325684,2.3499999046325684,64800,2.3499999046325684,2.3499999046325684,1.5958980321884155
27-10-2016,2.390000104904175,2.390000104904175,800,2.390000104904175,2.390000104904175,1.623062252998352
28-10-2016,2.390000104904175,2.390000104904175,0,2.390000104904175,2.390000104904175,1.623062252998352
31-10-2016,2.390000104904175,2.390000104904175,0,2.390000104904175,2.390000104904175,1.623062252998352
01-11-2016,2.380000114440918,2.380000114440918,500,2.380000114440918,2.380000114440918,1.6162712574005127
02-11-2016,2.2100000381469727,2.2100000381469727,3800,2.2100000381469727,2.2100000381469727,1.5008232593536377
03-11-2016,2.240000009536743,2.240000009536743,13100,2.25,2.25,1.5279874801635742
04-11-2016,2.25,2.25,0,2.25,2.25,1.5279874801635742
07-11-2016,2.3299999237060547,2.3299999237060547,200,2.3299999237060547,2.3299999237060547,1.5823158025741575
08-11-2016,2.3299999237060547,2.3299999237060547,0,2.3299999237060547,2.3299999237060547,1.5823158025741575
09-11-2016,2.3299999237060547,2.3299999237060547,0,2.3299999237060547,2.3299999237060547,1.5823158025741575
10-11-2016,2.4200000762939453,2.4200000762939453,2400,2.440000057220459,2.440000057220459,1.6570175886154177
11-11-2016,2.440000057220459,2.440000057220459,0,2.440000057220459,2.440000057220459,1.6570175886154177
14-11-2016,2.440000057220459,2.440000057220459,0,2.440000057220459,2.440000057220459,1.6570175886154177
15-11-2016,2.440000057220459,2.440000057220459,0,2.440000057220459,2.440000057220459,1.6570175886154177
16-11-2016,2.240000009536743,2.25,15900,2.25,2.240000009536743,1.521196365356445
17-11-2016,2.240000009536743,2.240000009536743,0,2.240000009536743,2.240000009536743,1.521196365356445
18-11-2016,2.190000057220459,2.190000057220459,5000,2.190000057220459,2.190000057220459,1.48724102973938
21-11-2016,2.109999895095825,2.140000104904175,2500,2.140000104904175,2.109999895095825,1.4329125881195068
22-11-2016,2.109999895095825,2.109999895095825,0,2.109999895095825,2.109999895095825,1.4329125881195068
23-11-2016,2.109999895095825,2.109999895095825,0,2.109999895095825,2.109999895095825,1.4329125881195068
25-11-2016,2.140000104904175,2.140000104904175,1300,2.140000104904175,2.140000104904175,1.453285813331604
28-11-2016,2.140000104904175,2.140000104904175,0,2.140000104904175,2.140000104904175,1.453285813331604
29-11-2016,2.119999885559082,2.119999885559082,400,2.119999885559082,2.119999885559082,1.4397035837173462
30-11-2016,2.119999885559082,2.119999885559082,0,2.119999885559082,2.119999885559082,1.4397035837173462
01-12-2016,2.2300000190734863,2.2300000190734863,5300,2.2799999713897705,2.2799999713897705,1.5483605861663818
02-12-2016,2.259999990463257,2.2899999618530273,1400,2.2899999618530273,2.259999990463257,1.534778356552124
05-12-2016,2.2300000190734863,2.2300000190734863,101400,2.2799999713897705,2.259999990463257,1.534778356552124
06-12-2016,2.4000000953674316,2.4000000953674316,100,2.4000000953674316,2.4000000953674316,1.629853367805481
07-12-2016,2.5,2.5,1000,2.5,2.5,1.6977639198303225
08-12-2016,2.5199999809265137,2.5199999809265137,2700,2.5799999237060547,2.5799999237060547,1.7520920038223269
09-12-2016,2.5799999237060547,2.5799999237060547,8900,2.5799999237060547,2.5799999237060547,1.7520920038223269
12-12-2016,2.5799999237060547,2.5799999237060547,0,2.5799999237060547,2.5799999237060547,1.7520920038223269
13-12-2016,2.5299999713897705,2.5299999713897705,16100,2.549999952316284,2.5399999618530273,1.7249279022216797
14-12-2016,2.509999990463257,2.5299999713897705,8800,2.5299999713897705,2.509999990463257,1.704554796218872
15-12-2016,2.5299999713897705,2.5299999713897705,100,2.5299999713897705,2.5299999713897705,1.71813702583313
16-12-2016,2.5,2.5,26900,2.5,2.5,1.6977639198303225
19-12-2016,2.4800000190734863,2.4800000190734863,60000,2.4800000190734863,2.4800000190734863,1.684181809425354
20-12-2016,2.5199999809265137,2.5199999809265137,11600,2.5199999809265137,2.5199999809265137,1.711345911026001
21-12-2016,2.5199999809265137,2.5199999809265137,0,2.5199999809265137,2.5199999809265137,1.711345911026001
22-12-2016,2.5199999809265137,2.5199999809265137,295200,2.5199999809265137,2.5199999809265137,1.711345911026001
23-12-2016,2.5799999237060547,2.5799999237060547,18600,2.5799999237060547,2.5799999237060547,1.7520920038223269
27-12-2016,2.5799999237060547,2.5799999237060547,7600,2.5799999237060547,2.5799999237060547,1.7520920038223269
28-12-2016,2.5799999237060547,2.5799999237060547,0,2.5799999237060547,2.5799999237060547,1.7520920038223269
29-12-2016,2.5199999809265137,2.5199999809265137,120000,2.5199999809265137,2.5199999809265137,1.711345911026001
30-12-2016,2.559999942779541,2.559999942779541,200,2.559999942779541,2.559999942779541,1.7385101318359375
03-01-2017,2.559999942779541,2.559999942779541,0,2.559999942779541,2.559999942779541,1.7385101318359375
04-01-2017,2.559999942779541,2.559999942779541,0,2.559999942779541,2.559999942779541,1.7385101318359375
05-01-2017,2.680000066757202,2.680000066757202,18600,2.690000057220459,2.690000057220459,1.8267940282821655
06-01-2017,2.680000066757202,2.680000066757202,14000,2.680000066757202,2.680000066757202,1.8200029134750368
09-01-2017,2.680000066757202,2.680000066757202,0,2.680000066757202,2.680000066757202,1.8200029134750368
10-01-2017,2.5799999237060547,2.5799999237060547,17000,2.5799999237060547,2.5799999237060547,1.7520920038223269
11-01-2017,2.5799999237060547,2.5799999237060547,0,2.5799999237060547,2.5799999237060547,1.7520920038223269
12-01-2017,2.5799999237060547,2.5799999237060547,0,2.5799999237060547,2.5799999237060547,1.7520920038223269
13-01-2017,2.640000104904175,2.640000104904175,2000,2.640000104904175,2.640000104904175,1.7928388118743896
17-01-2017,2.640000104904175,2.640000104904175,0,2.640000104904175,2.640000104904175,1.7928388118743896
18-01-2017,2.640000104904175,2.640000104904175,0,2.640000104904175,2.640000104904175,1.7928388118743896
19-01-2017,2.640000104904175,2.640000104904175,0,2.640000104904175,2.640000104904175,1.7928388118743896
20-01-2017,2.640000104904175,2.640000104904175,0,2.640000104904175,2.640000104904175,1.7928388118743896
23-01-2017,2.5999999046325684,2.5999999046325684,60600,2.619999885559082,2.619999885559082,1.7792562246322632
24-01-2017,2.4600000381469727,2.4600000381469727,902400,2.549999952316284,2.549999952316284,1.7317193746566772
25-01-2017,2.440000057220459,2.440000057220459,1600,2.440000057220459,2.440000057220459,1.6570175886154177
26-01-2017,2.4000000953674316,2.4000000953674316,3700,2.430000066757202,2.430000066757202,1.6502264738082886
27-01-2017,2.430000066757202,2.430000066757202,0,2.430000066757202,2.430000066757202,1.6502264738082886
30-01-2017,2.3299999237060547,2.369999885559082,67700,2.369999885559082,2.3299999237060547,1.5823158025741575
31-01-2017,2.3299999237060547,2.3299999237060547,0,2.3299999237060547,2.3299999237060547,1.5823158025741575
01-02-2017,2.3299999237060547,2.3299999237060547,0,2.3299999237060547,2.3299999237060547,1.5823158025741575
02-02-2017,2.3299999237060547,2.3299999237060547,0,2.3299999237060547,2.3299999237060547,1.5823158025741575
03-02-2017,2.390000104904175,2.390000104904175,6700,2.4000000953674316,2.4000000953674316,1.629853367805481
06-02-2017,2.4000000953674316,2.4000000953674316,0,2.4000000953674316,2.4000000953674316,1.629853367805481
07-02-2017,2.2899999618530273,2.2899999618530273,2700,2.2899999618530273,2.2899999618530273,1.5551518201828003
08-02-2017,2.259999990463257,2.259999990463257,2500,2.259999990463257,2.259999990463257,1.534778356552124
09-02-2017,2.259999990463257,2.259999990463257,0,2.259999990463257,2.259999990463257,1.534778356552124
10-02-2017,2.2699999809265137,2.2699999809265137,1000,2.2699999809265137,2.2699999809265137,1.5415695905685425
13-02-2017,2.2699999809265137,2.2699999809265137,0,2.2699999809265137,2.2699999809265137,1.5415695905685425
14-02-2017,2.2899999618530273,2.2899999618530273,204300,2.309999942779541,2.309999942779541,1.5687336921691897
15-02-2017,2.309999942779541,2.309999942779541,204600,2.309999942779541,2.309999942779541,1.5687336921691897
16-02-2017,2.309999942779541,2.309999942779541,5200,2.309999942779541,2.309999942779541,1.5687336921691897
17-02-2017,2.309999942779541,2.309999942779541,0,2.309999942779541,2.309999942779541,1.5687336921691897
21-02-2017,2.2899999618530273,2.2899999618530273,243300,2.2899999618530273,2.2899999618530273,1.5551518201828003
22-02-2017,2.240000009536743,2.240000009536743,371200,2.240000009536743,2.240000009536743,1.521196365356445
23-02-2017,2.240000009536743,2.240000009536743,0,2.240000009536743,2.240000009536743,1.521196365356445
24-02-2017,2.200000047683716,2.200000047683716,1004800,2.25,2.25,1.5279874801635742
27-02-2017,2.25,2.25,0,2.25,2.25,1.5279874801635742
28-02-2017,2.25,2.25,0,2.25,2.25,1.5279874801635742
01-03-2017,2.4100000858306885,2.4100000858306885,67600,2.4100000858306885,2.4100000858306885,1.6366443634033203
02-03-2017,2.390000104904175,2.440000057220459,2300,2.440000057220459,2.390000104904175,1.623062252998352
03-03-2017,2.4600000381469727,2.4600000381469727,3300100,2.4600000381469727,2.4600000381469727,1.6705995798110962
06-03-2017,2.4600000381469727,2.4600000381469727,9500,2.4600000381469727,2.4600000381469727,1.6705995798110962
07-03-2017,2.440000057220459,2.4700000286102295,5300,2.4700000286102295,2.440000057220459,1.6570175886154177
08-03-2017,2.440000057220459,2.440000057220459,0,2.440000057220459,2.440000057220459,1.6570175886154177
09-03-2017,2.5199999809265137,2.5199999809265137,2500,2.5199999809265137,2.5199999809265137,1.711345911026001
10-03-2017,2.5199999809265137,2.5199999809265137,660000,2.5199999809265137,2.5199999809265137,1.711345911026001
13-03-2017,2.5199999809265137,2.5199999809265137,0,2.5199999809265137,2.5199999809265137,1.711345911026001
14-03-2017,2.5199999809265137,2.5199999809265137,0,2.5199999809265137,2.5199999809265137,1.711345911026001
15-03-2017,2.5199999809265137,2.5199999809265137,0,2.5199999809265137,2.5199999809265137,1.711345911026001
16-03-2017,2.5199999809265137,2.5199999809265137,0,2.5199999809265137,2.5199999809265137,1.711345911026001
17-03-2017,2.6500000953674316,2.6500000953674316,5000,2.6500000953674316,2.6500000953674316,1.799629807472229
20-03-2017,2.6500000953674316,2.6500000953674316,0,2.6500000953674316,2.6500000953674316,1.799629807472229
21-03-2017,2.7200000286102295,2.7200000286102295,5500,2.7200000286102295,2.7200000286102295,1.8471672534942627
22-03-2017,2.7200000286102295,2.7200000286102295,0,2.7200000286102295,2.7200000286102295,1.8471672534942627
23-03-2017,2.7200000286102295,2.7200000286102295,0,2.7200000286102295,2.7200000286102295,1.8471672534942627
24-03-2017,2.7100000381469727,2.7300000190734863,1700,2.7300000190734863,2.7100000381469727,1.8403757810592651
27-03-2017,2.7100000381469727,2.7100000381469727,110600,2.7100000381469727,2.7100000381469727,1.8403757810592651
28-03-2017,2.7200000286102295,2.740000009536743,2300,2.740000009536743,2.7200000286102295,1.8471672534942627
29-03-2017,2.7200000286102295,2.7200000286102295,47100,2.7200000286102295,2.7200000286102295,1.8471672534942627
30-03-2017,2.7200000286102295,2.7200000286102295,2400,2.7200000286102295,2.7200000286102295,1.8471672534942627
31-03-2017,2.7100000381469727,2.7300000190734863,34500,2.7300000190734863,2.7100000381469727,1.8403757810592651
03-04-2017,2.690000057220459,2.690000057220459,100,2.690000057220459,2.690000057220459,1.8267940282821655
04-04-2017,2.690000057220459,2.690000057220459,14300,2.690000057220459,2.690000057220459,1.8267940282821655
05-04-2017,2.690000057220459,2.7300000190734863,14600,2.7300000190734863,2.690000057220459,1.8267940282821655
06-04-2017,2.690000057220459,2.690000057220459,0,2.690000057220459,2.690000057220459,1.8267940282821655
07-04-2017,2.700000047683716,2.700000047683716,400,2.700000047683716,2.700000047683716,1.8335847854614256
10-04-2017,2.6600000858306885,2.6600000858306885,1000,2.6600000858306885,2.6600000858306885,1.8064204454421997
11-04-2017,2.6600000858306885,2.6600000858306885,100,2.6600000858306885,2.6600000858306885,1.8064204454421997
12-04-2017,2.5999999046325684,2.5999999046325684,2400,2.6500000953674316,2.6500000953674316,1.799629807472229
13-04-2017,2.6500000953674316,2.6500000953674316,0,2.6500000953674316,2.6500000953674316,1.799629807472229
17-04-2017,2.569999933242798,2.569999933242798,5700,2.569999933242798,2.569999933242798,1.7453010082244873
18-04-2017,2.569999933242798,2.569999933242798,50200,2.569999933242798,2.569999933242798,1.7453010082244873
19-04-2017,2.569999933242798,2.569999933242798,1100,2.569999933242798,2.569999933242798,1.7453010082244873
20-04-2017,2.569999933242798,2.569999933242798,0,2.569999933242798,2.569999933242798,1.7453010082244873
21-04-2017,2.569999933242798,2.569999933242798,0,2.569999933242798,2.569999933242798,1.7453010082244873
24-04-2017,2.9100000858306885,2.940000057220459,2800,2.940000057220459,2.9100000858306885,1.9761970043182373
25-04-2017,2.990000009536743,2.990000009536743,3200,2.990000009536743,2.990000009536743,2.0305254459381104
26-04-2017,2.990000009536743,2.990000009536743,0,2.990000009536743,2.990000009536743,2.0305254459381104
27-04-2017,2.990000009536743,2.990000009536743,0,2.990000009536743,2.990000009536743,2.0305254459381104
28-04-2017,2.9000000953674316,2.9000000953674316,1300,2.9000000953674316,2.9000000953674316,1.9694057703018188
01-05-2017,2.9000000953674316,2.9000000953674316,0,2.9000000953674316,2.9000000953674316,1.9694057703018188
02-05-2017,2.9000000953674316,2.9000000953674316,3900,2.9000000953674316,2.9000000953674316,1.9694057703018188
03-05-2017,2.9000000953674316,2.9000000953674316,0,2.9000000953674316,2.9000000953674316,1.9694057703018188
04-05-2017,3.009999990463257,3.009999990463257,1100,3.009999990463257,3.009999990463257,2.044107675552368
05-05-2017,3.109999895095825,3.109999895095825,600,3.1600000858306885,3.1600000858306885,2.145973443984986
08-05-2017,3.119999885559082,3.140000104904175,1200,3.140000104904175,3.119999885559082,2.118809223175049
09-05-2017,3.119999885559082,3.119999885559082,4500,3.119999885559082,3.119999885559082,2.118809223175049
10-05-2017,3.119999885559082,3.119999885559082,0,3.119999885559082,3.119999885559082,2.118809223175049
11-05-2017,3.0899999141693115,3.0899999141693115,5000,3.0899999141693115,3.0899999141693115,2.0984363555908203
12-05-2017,3.0899999141693115,3.0899999141693115,0,3.0899999141693115,3.0899999141693115,2.0984363555908203
15-05-2017,3.109999895095825,3.109999895095825,900,3.109999895095825,3.109999895095825,2.112017869949341
16-05-2017,3.109999895095825,3.109999895095825,0,3.109999895095825,3.109999895095825,2.112017869949341
17-05-2017,3.0999999046325684,3.0999999046325684,2600,3.0999999046325684,3.0999999046325684,2.10522723197937
18-05-2017,3.0999999046325684,3.0999999046325684,0,3.0999999046325684,3.0999999046325684,2.10522723197937
19-05-2017,3.0999999046325684,3.0999999046325684,0,3.0999999046325684,3.0999999046325684,2.10522723197937
22-05-2017,3.0,3.0,500,3.0,3.0,2.177070140838623
23-05-2017,3.0399999618530273,3.0399999618530273,300,3.0399999618530273,3.0399999618530273,2.2060983180999756
24-05-2017,3.0,3.0,3800,3.0,3.0,2.177070140838623
25-05-2017,3.0,3.0,1700,3.0,3.0,2.177070140838623
26-05-2017,2.9200000762939453,2.9200000762939453,167300,2.950000047683716,2.950000047683716,2.1407859325408936
30-05-2017,2.8299999237060547,2.8299999237060547,32300,2.8299999237060547,2.8299999237060547,2.0537028312683105
31-05-2017,2.8499999046325684,2.8499999046325684,199600,2.9000000953674316,2.9000000953674316,2.104501247406006
01-06-2017,2.9000000953674316,2.9000000953674316,10800,2.9000000953674316,2.9000000953674316,2.104501247406006
02-06-2017,2.9000000953674316,2.9000000953674316,0,2.9000000953674316,2.9000000953674316,2.104501247406006
05-06-2017,2.880000114440918,2.880000114440918,8000,2.9100000858306885,2.9100000858306885,2.111758232116699
06-06-2017,2.9000000953674316,2.9000000953674316,2030000,2.9000000953674316,2.9000000953674316,2.104501247406006
07-06-2017,2.9000000953674316,2.9000000953674316,0,2.9000000953674316,2.9000000953674316,2.104501247406006
08-06-2017,2.9100000858306885,2.9100000858306885,5700,2.9100000858306885,2.9100000858306885,2.111758232116699
09-06-2017,2.9100000858306885,2.9100000858306885,0,2.9100000858306885,2.9100000858306885,2.111758232116699
12-06-2017,2.9100000858306885,2.9100000858306885,0,2.9100000858306885,2.9100000858306885,2.111758232116699
13-06-2017,2.869999885559082,2.869999885559082,300,2.9200000762939453,2.9200000762939453,2.1190152168273926
14-06-2017,2.9200000762939453,2.9200000762939453,0,2.9200000762939453,2.9200000762939453,2.1190152168273926
15-06-2017,2.9200000762939453,2.9200000762939453,0,2.9200000762939453,2.9200000762939453,2.1190152168273926
16-06-2017,2.9200000762939453,2.9200000762939453,0,2.9200000762939453,2.9200000762939453,2.1190152168273926
19-06-2017,2.8299999237060547,2.8299999237060547,10200,2.8299999237060547,2.8299999237060547,2.0537028312683105
20-06-2017,2.8499999046325684,2.8499999046325684,200,2.8499999046325684,2.8499999046325684,2.0682170391082764
21-06-2017,2.890000104904175,2.9200000762939453,14000,2.9200000762939453,2.890000104904175,2.09724497795105
22-06-2017,2.940000057220459,2.940000057220459,600,2.940000057220459,2.940000057220459,2.133528709411621
23-06-2017,2.9200000762939453,2.9200000762939453,100,2.9200000762939453,2.9200000762939453,2.1190152168273926
26-06-2017,3.009999990463257,3.049999952316284,6100,3.069999933242798,3.009999990463257,2.1843276023864746
27-06-2017,3.009999990463257,3.009999990463257,7300,3.009999990463257,3.009999990463257,2.1843276023864746
28-06-2017,3.009999990463257,3.009999990463257,0,3.009999990463257,3.009999990463257,2.1843276023864746
29-06-2017,3.009999990463257,3.009999990463257,8000,3.009999990463257,3.009999990463257,2.1843276023864746
30-06-2017,3.119999885559082,3.200000047683716,2500,3.200000047683716,3.119999885559082,2.264153242111206
03-07-2017,3.119999885559082,3.119999885559082,0,3.119999885559082,3.119999885559082,2.264153242111206
05-07-2017,3.119999885559082,3.119999885559082,0,3.119999885559082,3.119999885559082,2.264153242111206
06-07-2017,3.25,3.25,16000,3.25,3.25,2.358492851257324
07-07-2017,3.2100000381469727,3.2100000381469727,10000,3.2100000381469727,3.2100000381469727,2.329465389251709
10-07-2017,3.2100000381469727,3.2100000381469727,9000,3.2100000381469727,3.2100000381469727,2.329465389251709
11-07-2017,3.240000009536743,3.240000009536743,300,3.240000009536743,3.240000009536743,2.35123610496521
12-07-2017,3.240000009536743,3.240000009536743,0,3.240000009536743,3.240000009536743,2.35123610496521
13-07-2017,3.240000009536743,3.240000009536743,0,3.240000009536743,3.240000009536743,2.35123610496521
14-07-2017,3.299999952316284,3.299999952316284,400,3.309999942779541,3.309999942779541,2.4020345211029053
17-07-2017,3.309999942779541,3.309999942779541,0,3.309999942779541,3.309999942779541,2.4020345211029053
18-07-2017,3.299999952316284,3.299999952316284,200,3.299999952316284,3.299999952316284,2.394777536392212
19-07-2017,3.299999952316284,3.299999952316284,0,3.299999952316284,3.299999952316284,2.394777536392212
20-07-2017,3.299999952316284,3.299999952316284,0,3.299999952316284,3.299999952316284,2.394777536392212
21-07-2017,3.299999952316284,3.299999952316284,0,3.299999952316284,3.299999952316284,2.394777536392212
24-07-2017,3.299999952316284,3.299999952316284,0,3.299999952316284,3.299999952316284,2.394777536392212
25-07-2017,3.3399999141693115,3.3399999141693115,500,3.3399999141693115,3.3399999141693115,2.4238052368164062
26-07-2017,3.369999885559082,3.369999885559082,95300,3.380000114440918,3.369999885559082,2.445575714111328
27-07-2017,3.369999885559082,3.369999885559082,0,3.369999885559082,3.369999885559082,2.445575714111328
28-07-2017,3.4000000953674316,3.4000000953674316,480000,3.4000000953674316,3.4000000953674316,2.467346668243408
31-07-2017,3.4000000953674316,3.4000000953674316,0,3.4000000953674316,3.4000000953674316,2.467346668243408
01-08-2017,3.4000000953674316,3.4000000953674316,1000,3.4000000953674316,3.4000000953674316,2.467346668243408
02-08-2017,3.4000000953674316,3.4000000953674316,10200,3.4000000953674316,3.4000000953674316,2.467346668243408
03-08-2017,3.4000000953674316,3.4000000953674316,0,3.4000000953674316,3.4000000953674316,2.467346668243408
04-08-2017,3.4000000953674316,3.4000000953674316,5200,3.4000000953674316,3.4000000953674316,2.467346668243408
07-08-2017,3.4000000953674316,3.4000000953674316,0,3.4000000953674316,3.4000000953674316,2.467346668243408
08-08-2017,3.440000057220459,3.440000057220459,5000,3.440000057220459,3.440000057220459,2.496374130249023
09-08-2017,3.440000057220459,3.440000057220459,0,3.440000057220459,3.440000057220459,2.496374130249023
10-08-2017,3.359999895095825,3.359999895095825,568300,3.359999895095825,3.359999895095825,2.4383187294006348
11-08-2017,3.359999895095825,3.359999895095825,52400,3.359999895095825,3.359999895095825,2.4383187294006348
14-08-2017,3.359999895095825,3.359999895095825,0,3.359999895095825,3.359999895095825,2.4383187294006348
15-08-2017,3.359999895095825,3.359999895095825,0,3.359999895095825,3.359999895095825,2.4383187294006348
16-08-2017,3.4200000762939453,3.4200000762939453,61000,3.4200000762939453,3.4200000762939453,2.481860399246216
17-08-2017,3.4200000762939453,3.4200000762939453,0,3.4200000762939453,3.4200000762939453,2.481860399246216
18-08-2017,3.4200000762939453,3.4200000762939453,0,3.4200000762939453,3.4200000762939453,2.481860399246216
21-08-2017,3.4200000762939453,3.4200000762939453,0,3.4200000762939453,3.4200000762939453,2.481860399246216
22-08-2017,3.4200000762939453,3.4200000762939453,4300,3.4200000762939453,3.4200000762939453,2.481860399246216
23-08-2017,3.3499999046325684,3.390000104904175,132200,3.390000104904175,3.3499999046325684,2.4310619831085205
24-08-2017,3.3499999046325684,3.3499999046325684,0,3.3499999046325684,3.3499999046325684,2.4310619831085205
25-08-2017,3.369999885559082,3.4200000762939453,2200,3.4200000762939453,3.369999885559082,2.445575714111328
28-08-2017,3.369999885559082,3.369999885559082,0,3.369999885559082,3.369999885559082,2.445575714111328
29-08-2017,3.369999885559082,3.369999885559082,0,3.369999885559082,3.369999885559082,2.445575714111328
30-08-2017,3.3299999237060547,3.3299999237060547,14000,3.3299999237060547,3.3299999237060547,2.416548013687134
31-08-2017,3.359999895095825,3.369999885559082,5700,3.369999885559082,3.359999895095825,2.4383187294006348
01-09-2017,3.359999895095825,3.359999895095825,0,3.359999895095825,3.359999895095825,2.4383187294006348
05-09-2017,3.359999895095825,3.359999895095825,0,3.359999895095825,3.359999895095825,2.4383187294006348
06-09-2017,3.380000114440918,3.390000104904175,1600,3.390000104904175,3.390000104904175,2.4600894451141357
07-09-2017,3.390000104904175,3.390000104904175,20000,3.390000104904175,3.390000104904175,2.4600894451141357
08-09-2017,3.390000104904175,3.390000104904175,0,3.390000104904175,3.390000104904175,2.4600894451141357
11-09-2017,3.390000104904175,3.390000104904175,13700,3.390000104904175,3.390000104904175,2.4600894451141357
12-09-2017,3.4800000190734863,3.4800000190734863,3000,3.4800000190734863,3.4800000190734863,2.5254015922546387
13-09-2017,3.4800000190734863,3.4800000190734863,0,3.4800000190734863,3.4800000190734863,2.5254015922546387
14-09-2017,3.4800000190734863,3.4800000190734863,0,3.4800000190734863,3.4800000190734863,2.5254015922546387
15-09-2017,3.4800000190734863,3.4800000190734863,0,3.4800000190734863,3.4800000190734863,2.5254015922546387
18-09-2017,3.4800000190734863,3.4800000190734863,0,3.4800000190734863,3.4800000190734863,2.5254015922546387
19-09-2017,3.5,3.5,300,3.5,3.5,2.5399158000946045
20-09-2017,3.5,3.5,6700,3.5199999809265137,3.5199999809265137,2.554429292678833
21-09-2017,3.5199999809265137,3.5199999809265137,0,3.5199999809265137,3.5199999809265137,2.554429292678833
22-09-2017,3.549999952316284,3.549999952316284,2000,3.549999952316284,3.549999952316284,2.576200008392334
25-09-2017,3.4700000286102295,3.4700000286102295,2500,3.4700000286102295,3.4700000286102295,2.5181448459625244
26-09-2017,3.4700000286102295,3.4700000286102295,0,3.4700000286102295,3.4700000286102295,2.5181448459625244
27-09-2017,3.4700000286102295,3.4700000286102295,0,3.4700000286102295,3.4700000286102295,2.5181448459625244
28-09-2017,3.4700000286102295,3.4700000286102295,0,3.4700000286102295,3.4700000286102295,2.5181448459625244
29-09-2017,3.4700000286102295,3.4700000286102295,0,3.4700000286102295,3.4700000286102295,2.5181448459625244
02-10-2017,3.4700000286102295,3.4700000286102295,0,3.4700000286102295,3.4700000286102295,2.5181448459625244
03-10-2017,3.4700000286102295,3.4700000286102295,0,3.4700000286102295,3.4700000286102295,2.5181448459625244
04-10-2017,3.4700000286102295,3.4700000286102295,0,3.4700000286102295,3.4700000286102295,2.5181448459625244
05-10-2017,3.4700000286102295,3.4700000286102295,0,3.4700000286102295,3.4700000286102295,2.5181448459625244
06-10-2017,3.4700000286102295,3.4700000286102295,0,3.4700000286102295,3.4700000286102295,2.5181448459625244
09-10-2017,3.4700000286102295,3.4700000286102295,0,3.4700000286102295,3.4700000286102295,2.5181448459625244
10-10-2017,3.450000047683716,3.450000047683716,300,3.450000047683716,3.450000047683716,2.5036308765411377
11-10-2017,3.450000047683716,3.450000047683716,0,3.450000047683716,3.450000047683716,2.5036308765411377
12-10-2017,3.450000047683716,3.450000047683716,0,3.450000047683716,3.450000047683716,2.5036308765411377
13-10-2017,3.450000047683716,3.450000047683716,0,3.450000047683716,3.450000047683716,2.5036308765411377
16-10-2017,3.450000047683716,3.450000047683716,0,3.450000047683716,3.450000047683716,2.5036308765411377
17-10-2017,3.390000104904175,3.390000104904175,6700,3.390000104904175,3.390000104904175,2.4600894451141357
18-10-2017,3.4200000762939453,3.4200000762939453,73200,3.4200000762939453,3.4200000762939453,2.481860399246216
19-10-2017,3.380000114440918,3.380000114440918,2200,3.380000114440918,3.380000114440918,2.4528326988220215
20-10-2017,3.359999895095825,3.359999895095825,800,3.359999895095825,3.359999895095825,2.4383187294006348
23-10-2017,3.359999895095825,3.359999895095825,0,3.359999895095825,3.359999895095825,2.4383187294006348
24-10-2017,3.359999895095825,3.359999895095825,0,3.359999895095825,3.359999895095825,2.4383187294006348
25-10-2017,3.390000104904175,3.390000104904175,3900,3.390000104904175,3.390000104904175,2.4600894451141357
26-10-2017,3.4000000953674316,3.4000000953674316,1000,3.4000000953674316,3.4000000953674316,2.467346668243408
27-10-2017,3.4000000953674316,3.4000000953674316,0,3.4000000953674316,3.4000000953674316,2.467346668243408
30-10-2017,3.4000000953674316,3.4000000953674316,0,3.4000000953674316,3.4000000953674316,2.467346668243408
31-10-2017,3.3399999141693115,3.3399999141693115,1400,3.3399999141693115,3.3399999141693115,2.4238052368164062
01-11-2017,3.3399999141693115,3.3399999141693115,17100,3.3399999141693115,3.3399999141693115,2.4238052368164062
02-11-2017,3.3399999141693115,3.3399999141693115,0,3.3399999141693115,3.3399999141693115,2.4238052368164062
03-11-2017,3.3399999141693115,3.3399999141693115,0,3.3399999141693115,3.3399999141693115,2.4238052368164062
06-11-2017,3.2799999713897705,3.309999942779541,7900,3.309999942779541,3.2799999713897705,2.3802638053894043
07-11-2017,3.2799999713897705,3.2799999713897705,0,3.2799999713897705,3.2799999713897705,2.3802638053894043
08-11-2017,3.2799999713897705,3.2799999713897705,0,3.2799999713897705,3.2799999713897705,2.3802638053894043
09-11-2017,3.2799999713897705,3.2799999713897705,0,3.2799999713897705,3.2799999713897705,2.3802638053894043
10-11-2017,3.2899999618530273,3.2899999618530273,2600,3.2899999618530273,3.2899999618530273,2.3875203132629395
13-11-2017,3.2899999618530273,3.2899999618530273,0,3.2899999618530273,3.2899999618530273,2.3875203132629395
14-11-2017,3.2899999618530273,3.2899999618530273,0,3.2899999618530273,3.2899999618530273,2.3875203132629395
15-11-2017,3.2899999618530273,3.2899999618530273,0,3.2899999618530273,3.2899999618530273,2.3875203132629395
16-11-2017,3.2899999618530273,3.2899999618530273,0,3.2899999618530273,3.2899999618530273,2.3875203132629395
17-11-2017,3.259999990463257,3.259999990463257,1000,3.259999990463257,3.259999990463257,2.3657500743865967
20-11-2017,3.2300000190734863,3.2300000190734863,1800,3.2300000190734863,3.2300000190734863,2.3439793586730957
21-11-2017,3.2300000190734863,3.2300000190734863,0,3.2300000190734863,3.2300000190734863,2.3439793586730957
22-11-2017,3.2300000190734863,3.2300000190734863,0,3.2300000190734863,3.2300000190734863,2.3439793586730957
24-11-2017,3.2300000190734863,3.2300000190734863,0,3.2300000190734863,3.2300000190734863,2.3439793586730957
27-11-2017,3.2300000190734863,3.2300000190734863,0,3.2300000190734863,3.2300000190734863,2.3439793586730957
28-11-2017,3.2300000190734863,3.2300000190734863,0,3.2300000190734863,3.2300000190734863,2.3439793586730957
29-11-2017,3.3499999046325684,3.3499999046325684,500,3.3499999046325684,3.3499999046325684,2.4310619831085205
30-11-2017,3.3499999046325684,3.3499999046325684,0,3.3499999046325684,3.3499999046325684,2.4310619831085205
01-12-2017,3.2799999713897705,3.2799999713897705,500,3.2799999713897705,3.2799999713897705,2.3802638053894043
04-12-2017,3.2799999713897705,3.2799999713897705,0,3.2799999713897705,3.2799999713897705,2.3802638053894043
05-12-2017,3.2799999713897705,3.2799999713897705,0,3.2799999713897705,3.2799999713897705,2.3802638053894043
06-12-2017,3.2799999713897705,3.2799999713897705,3400,3.2799999713897705,3.2799999713897705,2.3802638053894043
07-12-2017,3.319999933242798,3.3399999141693115,32500,3.3399999141693115,3.3399999141693115,2.4238052368164062
08-12-2017,3.3399999141693115,3.3399999141693115,0,3.3399999141693115,3.3399999141693115,2.4238052368164062
11-12-2017,3.3399999141693115,3.3399999141693115,0,3.3399999141693115,3.3399999141693115,2.4238052368164062
12-12-2017,3.380000114440918,3.390000104904175,30000,3.390000104904175,3.380000114440918,2.4528326988220215
13-12-2017,3.380000114440918,3.380000114440918,1900,3.380000114440918,3.380000114440918,2.4528326988220215
14-12-2017,3.3399999141693115,3.3399999141693115,500,3.3399999141693115,3.3399999141693115,2.4238052368164062
15-12-2017,3.2699999809265137,3.2699999809265137,33100,3.2699999809265137,3.2699999809265137,2.373006820678711
18-12-2017,3.2699999809265137,3.2699999809265137,0,3.2699999809265137,3.2699999809265137,2.373006820678711
19-12-2017,3.2699999809265137,3.2699999809265137,0,3.2699999809265137,3.2699999809265137,2.373006820678711
20-12-2017,3.309999942779541,3.309999942779541,4700,3.309999942779541,3.309999942779541,2.4020345211029053
21-12-2017,3.309999942779541,3.309999942779541,0,3.309999942779541,3.309999942779541,2.4020345211029053
22-12-2017,3.309999942779541,3.309999942779541,0,3.309999942779541,3.309999942779541,2.4020345211029053
26-12-2017,3.309999942779541,3.309999942779541,0,3.309999942779541,3.309999942779541,2.4020345211029053
27-12-2017,3.309999942779541,3.309999942779541,0,3.309999942779541,3.309999942779541,2.4020345211029053
28-12-2017,3.309999942779541,3.309999942779541,0,3.309999942779541,3.309999942779541,2.4020345211029053
29-12-2017,3.309999942779541,3.309999942779541,0,3.309999942779541,3.309999942779541,2.4020345211029053
02-01-2018,3.309999942779541,3.309999942779541,0,3.309999942779541,3.309999942779541,2.4020345211029053
03-01-2018,3.319999933242798,3.319999933242798,500,3.319999933242798,3.319999933242798,2.4092912673950195
04-01-2018,3.380000114440918,3.390000104904175,11600,3.390000104904175,3.380000114440918,2.4528326988220215
05-01-2018,3.359999895095825,3.359999895095825,1200,3.359999895095825,3.359999895095825,2.4383187294006348
08-01-2018,3.359999895095825,3.359999895095825,0,3.359999895095825,3.359999895095825,2.4383187294006348
09-01-2018,3.3499999046325684,3.3499999046325684,3000,3.3499999046325684,3.3499999046325684,2.4310619831085205
10-01-2018,3.3499999046325684,3.3499999046325684,0,3.3499999046325684,3.3499999046325684,2.4310619831085205
11-01-2018,3.5899999141693115,3.5999999046325684,140100,3.5999999046325684,3.5899999141693115,2.605227470397949
12-01-2018,3.5899999141693115,3.5899999141693115,0,3.5899999141693115,3.5899999141693115,2.605227470397949
16-01-2018,3.5899999141693115,3.5899999141693115,0,3.5899999141693115,3.5899999141693115,2.605227470397949
17-01-2018,3.5899999141693115,3.5899999141693115,0,3.5899999141693115,3.5899999141693115,2.605227470397949
18-01-2018,3.799999952316284,3.799999952316284,300,3.799999952316284,3.799999952316284,2.757622718811035
19-01-2018,3.759999990463257,3.759999990463257,35300,3.759999990463257,3.759999990463257,2.728595018386841
22-01-2018,3.759999990463257,3.759999990463257,1700,3.759999990463257,3.759999990463257,2.728595018386841
23-01-2018,3.759999990463257,3.759999990463257,0,3.759999990463257,3.759999990463257,2.728595018386841
24-01-2018,3.799999952316284,3.799999952316284,200,3.799999952316284,3.799999952316284,2.757622718811035
25-01-2018,3.799999952316284,3.799999952316284,1600,3.799999952316284,3.799999952316284,2.757622718811035
26-01-2018,3.799999952316284,3.799999952316284,0,3.799999952316284,3.799999952316284,2.757622718811035
29-01-2018,3.910000085830689,3.910000085830689,900,3.950000047683716,3.950000047683716,2.866476058959961
30-01-2018,3.910000085830689,3.910000085830689,3000,3.910000085830689,3.910000085830689,2.8374483585357666
31-01-2018,3.890000104904175,3.940000057220459,2700,3.940000057220459,3.890000104904175,2.822935104370117
01-02-2018,3.910000085830689,3.930000066757202,199100,3.940000057220459,3.940000057220459,2.8592193126678467
02-02-2018,3.940000057220459,3.940000057220459,0,3.940000057220459,3.940000057220459,2.8592193126678467
05-02-2018,3.819999933242798,3.819999933242798,60900,3.819999933242798,3.819999933242798,2.7721362113952637
06-02-2018,3.950000047683716,3.950000047683716,200,3.950000047683716,3.950000047683716,2.866476058959961
07-02-2018,3.9200000762939458,3.9200000762939458,392800,3.9600000381469727,3.950000047683716,2.866476058959961
08-02-2018,3.950000047683716,3.950000047683716,0,3.950000047683716,3.950000047683716,2.866476058959961
09-02-2018,3.950000047683716,3.950000047683716,0,3.950000047683716,3.950000047683716,2.866476058959961
12-02-2018,3.819999933242798,3.819999933242798,600,3.849999904632568,3.849999904632568,2.793907403945923
13-02-2018,3.849999904632568,3.849999904632568,0,3.849999904632568,3.849999904632568,2.793907403945923
14-02-2018,3.849999904632568,3.849999904632568,0,3.849999904632568,3.849999904632568,2.793907403945923
15-02-2018,3.839999914169311,3.839999914169311,7100,3.839999914169311,3.839999914169311,2.7866499423980713
16-02-2018,3.839999914169311,3.839999914169311,0,3.839999914169311,3.839999914169311,2.7866499423980713
20-02-2018,3.839999914169311,3.839999914169311,0,3.839999914169311,3.839999914169311,2.7866499423980713
21-02-2018,3.759999990463257,3.759999990463257,500,3.759999990463257,3.759999990463257,2.728595018386841
22-02-2018,3.759999990463257,3.759999990463257,0,3.759999990463257,3.759999990463257,2.728595018386841
23-02-2018,3.7699999809265137,3.7899999618530273,3300,3.7899999618530273,3.7699999809265137,2.735852003097534
26-02-2018,3.759999990463257,3.759999990463257,4200,3.8299999237060542,3.8299999237060542,2.779393196105957
27-02-2018,3.8299999237060542,3.8299999237060542,0,3.8299999237060542,3.8299999237060542,2.779393196105957
28-02-2018,3.759999990463257,3.759999990463257,800,3.759999990463257,3.759999990463257,2.728595018386841
01-03-2018,3.759999990463257,3.759999990463257,0,3.759999990463257,3.759999990463257,2.728595018386841
02-03-2018,3.759999990463257,3.759999990463257,0,3.759999990463257,3.759999990463257,2.728595018386841
05-03-2018,3.630000114440918,3.630000114440918,200,3.630000114440918,3.630000114440918,2.6342551708221436
06-03-2018,3.630000114440918,3.630000114440918,0,3.630000114440918,3.630000114440918,2.6342551708221436
07-03-2018,3.759999990463257,3.759999990463257,3100,3.759999990463257,3.759999990463257,2.728595018386841
08-03-2018,3.7100000381469727,3.759999990463257,3400,3.759999990463257,3.7100000381469727,2.6923108100891113
09-03-2018,3.7100000381469727,3.7100000381469727,0,3.7100000381469727,3.7100000381469727,2.6923108100891113
12-03-2018,3.740000009536743,3.740000009536743,1100,3.740000009536743,3.740000009536743,2.714081287384033
13-03-2018,3.740000009536743,3.740000009536743,0,3.740000009536743,3.740000009536743,2.714081287384033
14-03-2018,3.740000009536743,3.740000009536743,0,3.740000009536743,3.740000009536743,2.714081287384033
15-03-2018,3.740000009536743,3.740000009536743,0,3.740000009536743,3.740000009536743,2.714081287384033
16-03-2018,3.740000009536743,3.740000009536743,0,3.740000009536743,3.740000009536743,2.714081287384033
19-03-2018,3.740000009536743,3.740000009536743,0,3.740000009536743,3.740000009536743,2.714081287384033
20-03-2018,3.75,3.75,1800,3.75,3.75,2.7213380336761475
21-03-2018,3.75,3.75,100,3.75,3.75,2.7213380336761475
22-03-2018,3.640000104904175,3.640000104904175,400,3.640000104904175,3.640000104904175,2.641512155532837
23-03-2018,3.640000104904175,3.640000104904175,0,3.640000104904175,3.640000104904175,2.641512155532837
26-03-2018,3.640000104904175,3.640000104904175,200,3.640000104904175,3.640000104904175,2.641512155532837
27-03-2018,3.640000104904175,3.640000104904175,0,3.640000104904175,3.640000104904175,2.641512155532837
28-03-2018,3.650000095367432,3.650000095367432,2300,3.650000095367432,3.650000095367432,2.6487691402435303
29-03-2018,3.650000095367432,3.650000095367432,0,3.650000095367432,3.650000095367432,2.6487691402435303
02-04-2018,3.650000095367432,3.650000095367432,0,3.650000095367432,3.650000095367432,2.6487691402435303
03-04-2018,3.630000114440918,3.630000114440918,4800,3.630000114440918,3.630000114440918,2.6342551708221436
04-04-2018,3.630000114440918,3.630000114440918,0,3.630000114440918,3.630000114440918,2.6342551708221436
05-04-2018,3.660000085830689,3.660000085830689,56100,3.6700000762939458,3.6700000762939458,2.663282871246338
06-04-2018,3.6700000762939458,3.6700000762939458,0,3.6700000762939458,3.6700000762939458,2.663282871246338
09-04-2018,3.6700000762939458,3.6700000762939458,4500,3.6700000762939458,3.6700000762939458,2.663282871246338
10-04-2018,3.740000009536743,3.740000009536743,88000,3.7699999809265137,3.7699999809265137,2.735852003097534
11-04-2018,3.700000047683716,3.7300000190734863,133000,3.7300000190734863,3.700000047683716,2.685053586959839
12-04-2018,3.700000047683716,3.700000047683716,0,3.700000047683716,3.700000047683716,2.685053586959839
13-04-2018,3.700000047683716,3.700000047683716,0,3.700000047683716,3.700000047683716,2.685053586959839
16-04-2018,3.700000047683716,3.700000047683716,0,3.700000047683716,3.700000047683716,2.685053586959839
17-04-2018,3.809999942779541,3.809999942779541,1100,3.809999942779541,3.809999942779541,2.7648797035217285
18-04-2018,3.849999904632568,3.849999904632568,1200,3.849999904632568,3.849999904632568,2.793907403945923
19-04-2018,3.849999904632568,3.849999904632568,0,3.849999904632568,3.849999904632568,2.793907403945923
20-04-2018,3.839999914169311,3.839999914169311,3700,3.839999914169311,3.839999914169311,2.7866499423980713
23-04-2018,3.839999914169311,3.839999914169311,0,3.839999914169311,3.839999914169311,2.7866499423980713
24-04-2018,3.839999914169311,3.839999914169311,0,3.839999914169311,3.839999914169311,2.7866499423980713
25-04-2018,3.839999914169311,3.839999914169311,0,3.839999914169311,3.839999914169311,2.7866499423980713
26-04-2018,3.809999942779541,3.809999942779541,2600,3.809999942779541,3.809999942779541,2.7648797035217285
27-04-2018,3.819999933242798,3.819999933242798,800,3.819999933242798,3.819999933242798,2.7721362113952637
30-04-2018,3.819999933242798,3.819999933242798,0,3.819999933242798,3.819999933242798,2.7721362113952637
01-05-2018,3.819999933242798,3.819999933242798,0,3.819999933242798,3.819999933242798,2.7721362113952637
02-05-2018,3.809999942779541,3.809999942779541,139100,3.819999933242798,3.819999933242798,2.7721362113952637
03-05-2018,3.819999933242798,3.819999933242798,6600,3.819999933242798,3.819999933242798,2.7721362113952637
04-05-2018,3.7799999713897705,3.7799999713897705,200,3.7799999713897705,3.7799999713897705,2.7431087493896484
07-05-2018,3.75,3.75,2200,3.75,3.75,2.7213380336761475
08-05-2018,3.690000057220459,3.690000057220459,5200,3.75,3.75,2.7213380336761475
09-05-2018,3.7699999809265137,3.7699999809265137,62700,3.7799999713897705,3.7799999713897705,2.7431087493896484
10-05-2018,3.7300000190734863,3.7300000190734863,105700,3.7300000190734863,3.7300000190734863,2.70682430267334
11-05-2018,3.75,3.75,80300,3.759999990463257,3.759999990463257,2.728595018386841
14-05-2018,3.7300000190734863,3.7300000190734863,700,3.7300000190734863,3.7300000190734863,2.70682430267334
15-05-2018,3.7699999809265137,3.7699999809265137,5600,3.7699999809265137,3.7699999809265137,2.735852003097534
16-05-2018,3.7699999809265137,3.7699999809265137,0,3.7699999809265137,3.7699999809265137,2.735852003097534
17-05-2018,3.7699999809265137,3.7699999809265137,0,3.7699999809265137,3.7699999809265137,2.735852003097534
18-05-2018,3.7699999809265137,3.7699999809265137,0,3.7699999809265137,3.7699999809265137,2.735852003097534
21-05-2018,3.240000009536743,3.319999933242798,3000,3.319999933242798,3.240000009536743,2.5103824138641357
22-05-2018,3.2799999713897705,3.299999952316284,118000,3.3399999141693115,3.309999942779541,2.5646188259124756
23-05-2018,3.2100000381469727,3.25,4600,3.25,3.2100000381469727,2.487138032913208
24-05-2018,3.200000047683716,3.200000047683716,40600,3.2100000381469727,3.2100000381469727,2.487138032913208
25-05-2018,3.2100000381469727,3.2100000381469727,9000,3.2100000381469727,3.2100000381469727,2.487138032913208
29-05-2018,2.799999952316284,2.8499999046325684,17800,2.890000104904175,2.799999952316284,2.169466018676758
30-05-2018,2.9100000858306885,2.9100000858306885,102700,2.950000047683716,2.940000057220459,2.2779393196105957
31-05-2018,2.890000104904175,2.9100000858306885,13100,2.9800000190734863,2.890000104904175,2.239198923110962
01-06-2018,3.009999990463257,3.0199999809265137,5500,3.0199999809265137,3.009999990463257,2.3321762084960938
04-06-2018,3.0,3.049999952316284,8700,3.049999952316284,3.0199999809265137,2.3399240970611572
05-06-2018,3.0199999809265137,3.0199999809265137,0,3.0199999809265137,3.0199999809265137,2.3399240970611572
06-06-2018,2.9200000762939453,2.930000066757202,7500,2.9800000190734863,2.9800000190734863,2.308931589126587
07-06-2018,2.9800000190734863,2.9800000190734863,0,2.9800000190734863,2.9800000190734863,2.308931589126587
08-06-2018,2.8299999237060547,2.859999895095825,19000,2.859999895095825,2.8299999237060547,2.1927101612091064
11-06-2018,2.8299999237060547,2.8299999237060547,0,2.8299999237060547,2.8299999237060547,2.1927101612091064
12-06-2018,3.0299999713897705,3.0299999713897705,2000,3.0299999713897705,3.0299999713897705,2.3476719856262207
13-06-2018,3.0299999713897705,3.0299999713897705,0,3.0299999713897705,3.0299999713897705,2.3476719856262207
14-06-2018,3.0299999713897705,3.0299999713897705,48100,3.0299999713897705,3.0299999713897705,2.3476719856262207
15-06-2018,3.0299999713897705,3.0299999713897705,0,3.0299999713897705,3.0299999713897705,2.3476719856262207
18-06-2018,2.9700000286102295,2.9800000190734863,2100,2.9800000190734863,2.9700000286102295,2.3011839389801025
19-06-2018,2.9600000381469727,2.9700000286102295,21400,2.9700000286102295,2.9600000381469727,2.29343581199646
20-06-2018,3.0299999713897705,3.0299999713897705,600,3.0299999713897705,3.0299999713897705,2.3476719856262207
21-06-2018,3.0299999713897705,3.0299999713897705,75500,3.0299999713897705,3.0299999713897705,2.3476719856262207
22-06-2018,3.0299999713897705,3.0299999713897705,0,3.0299999713897705,3.0299999713897705,2.3476719856262207
25-06-2018,2.9100000858306885,2.9100000858306885,500,2.9100000858306885,2.9100000858306885,2.254695177078247
26-06-2018,2.9100000858306885,2.930000066757202,8300,2.930000066757202,2.930000066757202,2.270191431045532
27-06-2018,2.930000066757202,2.930000066757202,24800,2.930000066757202,2.930000066757202,2.270191431045532
28-06-2018,2.880000114440918,2.880000114440918,1100,2.880000114440918,2.880000114440918,2.2314510345458984
29-06-2018,2.880000114440918,2.880000114440918,35500,2.880000114440918,2.880000114440918,2.2314510345458984
02-07-2018,2.880000114440918,2.880000114440918,46200,2.880000114440918,2.880000114440918,2.2314510345458984
03-07-2018,2.9200000762939453,2.9200000762939453,6000,2.9200000762939453,2.9200000762939453,2.2624433040618896
05-07-2018,2.9200000762939453,2.9200000762939453,0,2.9200000762939453,2.9200000762939453,2.2624433040618896
06-07-2018,2.9200000762939453,2.9200000762939453,0,2.9200000762939453,2.9200000762939453,2.2624433040618896
09-07-2018,3.0199999809265137,3.0199999809265137,43700,3.0199999809265137,3.0199999809265137,2.3399240970611572
10-07-2018,3.0199999809265137,3.0199999809265137,0,3.0199999809265137,3.0199999809265137,2.3399240970611572
11-07-2018,3.0199999809265137,3.0199999809265137,0,3.0199999809265137,3.0199999809265137,2.3399240970611572
12-07-2018,3.0199999809265137,3.0199999809265137,0,3.0199999809265137,3.0199999809265137,2.3399240970611572
13-07-2018,3.0199999809265137,3.0199999809265137,0,3.0199999809265137,3.0199999809265137,2.3399240970611572
16-07-2018,3.0199999809265137,3.0199999809265137,0,3.0199999809265137,3.0199999809265137,2.3399240970611572
17-07-2018,3.0199999809265137,3.0199999809265137,0,3.0199999809265137,3.0199999809265137,2.3399240970611572
18-07-2018,2.869999885559082,2.869999885559082,1500,2.869999885559082,2.869999885559082,2.2237026691436768
19-07-2018,2.799999952316284,2.799999952316284,2800,2.799999952316284,2.799999952316284,2.169466018676758
20-07-2018,2.799999952316284,2.799999952316284,1000,2.799999952316284,2.799999952316284,2.169466018676758
23-07-2018,2.809999942779541,2.809999942779541,6100,2.8399999141693115,2.8399999141693115,2.200458288192749
24-07-2018,2.8399999141693115,2.8399999141693115,5200,2.8399999141693115,2.8399999141693115,2.200458288192749
25-07-2018,2.8399999141693115,2.8399999141693115,0,2.8399999141693115,2.8399999141693115,2.200458288192749
26-07-2018,2.8399999141693115,2.8399999141693115,0,2.8399999141693115,2.8399999141693115,2.200458288192749
27-07-2018,2.8399999141693115,2.8399999141693115,0,2.8399999141693115,2.8399999141693115,2.200458288192749
30-07-2018,2.8399999141693115,2.8399999141693115,0,2.8399999141693115,2.8399999141693115,2.200458288192749
31-07-2018,3.059999942779541,3.059999942779541,5500,3.059999942779541,3.059999942779541,2.3709163665771484
01-08-2018,3.059999942779541,3.059999942779541,0,3.059999942779541,3.059999942779541,2.3709163665771484
02-08-2018,2.819999933242798,2.8399999141693115,36200,2.8399999141693115,2.819999933242798,2.184962272644043
03-08-2018,2.819999933242798,2.819999933242798,0,2.819999933242798,2.819999933242798,2.184962272644043
06-08-2018,2.819999933242798,2.819999933242798,0,2.819999933242798,2.819999933242798,2.184962272644043
07-08-2018,2.819999933242798,2.819999933242798,0,2.819999933242798,2.819999933242798,2.184962272644043
08-08-2018,2.819999933242798,2.819999933242798,0,2.819999933242798,2.819999933242798,2.184962272644043
09-08-2018,2.819999933242798,2.819999933242798,0,2.819999933242798,2.819999933242798,2.184962272644043
10-08-2018,2.5999999046325684,2.630000114440918,2000,2.630000114440918,2.630000114440918,2.0377485752105713
13-08-2018,2.5799999237060547,2.5799999237060547,225100,2.609999895095825,2.609999895095825,2.022252082824707
14-08-2018,2.5399999618530273,2.5799999237060547,55400,2.5799999237060547,2.569999933242798,1.9912596940994265
15-08-2018,2.5,2.5299999713897705,1800,2.5299999713897705,2.5199999809265137,1.9525196552276611
16-08-2018,2.509999990463257,2.509999990463257,1500,2.509999990463257,2.509999990463257,1.944771409034729
17-08-2018,2.509999990463257,2.509999990463257,0,2.509999990463257,2.509999990463257,1.944771409034729
20-08-2018,2.4800000190734863,2.5,180300,2.5199999809265137,2.5199999809265137,1.9525196552276611
21-08-2018,2.559999942779541,2.559999942779541,43500,2.559999942779541,2.559999942779541,1.9835118055343628
22-08-2018,2.5399999618530273,2.5399999618530273,2100,2.5399999618530273,2.5399999618530273,1.9680159091949463
23-08-2018,2.5399999618530273,2.5399999618530273,0,2.5399999618530273,2.5399999618530273,1.9680159091949463
24-08-2018,2.5399999618530273,2.5399999618530273,0,2.5399999618530273,2.5399999618530273,1.9680159091949463
27-08-2018,2.5199999809265137,2.5199999809265137,10000,2.5199999809265137,2.5199999809265137,1.9525196552276611
28-08-2018,2.569999933242798,2.609999895095825,4000,2.609999895095825,2.569999933242798,1.9912596940994265
29-08-2018,2.569999933242798,2.569999933242798,0,2.569999933242798,2.569999933242798,1.9912596940994265
30-08-2018,2.5399999618530273,2.5399999618530273,800,2.5399999618530273,2.5399999618530273,1.9680159091949463
31-08-2018,2.490000009536743,2.490000009536743,500,2.490000009536743,2.490000009536743,1.929275155067444
04-09-2018,2.559999942779541,2.559999942779541,4000,2.559999942779541,2.559999942779541,1.9835118055343628
05-09-2018,2.7100000381469727,2.740000009536743,1800,2.740000009536743,2.7100000381469727,2.099733352661133
06-09-2018,2.7100000381469727,2.7100000381469727,6800,2.7100000381469727,2.7100000381469727,2.099733352661133
07-09-2018,2.549999952316284,2.549999952316284,98300,2.549999952316284,2.549999952316284,1.9757640361785889
10-09-2018,2.549999952316284,2.549999952316284,0,2.549999952316284,2.549999952316284,1.9757640361785889
11-09-2018,2.549999952316284,2.549999952316284,0,2.549999952316284,2.549999952316284,1.9757640361785889
12-09-2018,2.7300000190734863,2.7300000190734863,1500,2.7300000190734863,2.7300000190734863,2.115229845046997
13-09-2018,2.7300000190734863,2.7300000190734863,0,2.7300000190734863,2.7300000190734863,2.115229845046997
14-09-2018,2.700000047683716,2.700000047683716,6100,2.7100000381469727,2.7100000381469727,2.099733352661133
17-09-2018,2.7799999713897705,2.7799999713897705,7000,2.7799999713897705,2.7799999713897705,2.153970241546631
18-09-2018,2.7799999713897705,2.7799999713897705,0,2.7799999713897705,2.7799999713897705,2.153970241546631
19-09-2018,2.8299999237060547,2.8299999237060547,1943800,2.8299999237060547,2.8299999237060547,2.1927101612091064
20-09-2018,2.8399999141693115,2.8399999141693115,13500,2.8399999141693115,2.8399999141693115,2.200458288192749
21-09-2018,2.869999885559082,2.869999885559082,20700,2.880000114440918,2.880000114440918,2.2314510345458984
24-09-2018,2.809999942779541,2.809999942779541,1000,2.809999942779541,2.809999942779541,2.1772146224975586
25-09-2018,2.9000000953674316,2.9000000953674316,9000,2.930000066757202,2.930000066757202,2.270191431045532
26-09-2018,2.8399999141693115,2.8399999141693115,61900,2.8399999141693115,2.8399999141693115,2.200458288192749
27-09-2018,2.819999933242798,2.819999933242798,3200,2.819999933242798,2.819999933242798,2.184962272644043
28-09-2018,2.559999942779541,2.5799999237060547,45700,2.5899999141693115,2.569999933242798,1.9912596940994265
01-10-2018,2.4700000286102295,2.4700000286102295,2000,2.4700000286102295,2.4700000286102295,1.9137791395187376
02-10-2018,2.430000066757202,2.430000066757202,35200,2.440000057220459,2.430000066757202,1.8827866315841677
03-10-2018,2.430000066757202,2.4600000381469727,18200,2.4700000286102295,2.4700000286102295,1.9137791395187376
04-10-2018,2.4700000286102295,2.4800000190734863,130300,2.5199999809265137,2.5,1.9370235204696655
05-10-2018,2.5,2.5,0,2.5,2.5,1.9370235204696655
08-10-2018,2.3399999141693115,2.3399999141693115,2100,2.3399999141693115,2.3399999141693115,1.8130537271499632
09-10-2018,2.3299999237060547,2.3299999237060547,57500,2.3299999237060547,2.3299999237060547,1.8053057193756104
10-10-2018,2.390000104904175,2.390000104904175,39900,2.390000104904175,2.390000104904175,1.8517944812774656
11-10-2018,2.390000104904175,2.390000104904175,18400,2.390000104904175,2.390000104904175,1.8517944812774656
12-10-2018,2.390000104904175,2.390000104904175,243000,2.390000104904175,2.390000104904175,1.8517944812774656
15-10-2018,2.4000000953674316,2.4000000953674316,400,2.4000000953674316,2.4000000953674316,1.8595423698425293
16-10-2018,2.369999885559082,2.369999885559082,104700,2.369999885559082,2.369999885559082,1.8362979888916016
17-10-2018,2.369999885559082,2.369999885559082,0,2.369999885559082,2.369999885559082,1.8362979888916016
18-10-2018,2.2100000381469727,2.25,1700,2.25,2.25,1.7433208227157593
19-10-2018,2.2899999618530273,2.2899999618530273,31000,2.3399999141693115,2.3399999141693115,1.8130537271499632
22-10-2018,2.3399999141693115,2.3399999141693115,0,2.3399999141693115,2.3399999141693115,1.8130537271499632
23-10-2018,2.2799999713897705,2.2799999713897705,2500,2.2799999713897705,2.2799999713897705,1.7665653228759766
24-10-2018,2.190000057220459,2.2200000286102295,22800,2.2200000286102295,2.190000057220459,1.6968324184417725
25-10-2018,2.200000047683716,2.200000047683716,1700,2.25,2.25,1.7433208227157593
26-10-2018,2.25,2.25,0,2.25,2.25,1.7433208227157593
29-10-2018,2.2799999713897705,2.2799999713897705,19800,2.2799999713897705,2.2799999713897705,1.7665653228759766
30-10-2018,2.2799999713897705,2.2799999713897705,0,2.2799999713897705,2.2799999713897705,1.7665653228759766
31-10-2018,2.25,2.25,62400,2.25,2.25,1.7433208227157593
01-11-2018,2.25,2.25,0,2.25,2.25,1.7433208227157593
02-11-2018,2.2899999618530273,2.299999952316284,5900,2.299999952316284,2.299999952316284,1.7820614576339722
05-11-2018,2.2300000190734863,2.2699999809265137,2300,2.2699999809265137,2.2300000190734863,1.7278249263763428
06-11-2018,2.319999933242798,2.319999933242798,1200,2.319999933242798,2.319999933242798,1.797557711601257
07-11-2018,2.319999933242798,2.319999933242798,0,2.319999933242798,2.319999933242798,1.797557711601257
08-11-2018,2.299999952316284,2.299999952316284,11400,2.3299999237060547,2.3299999237060547,1.8053057193756104
09-11-2018,2.2799999713897705,2.2799999713897705,46100,2.2899999618530273,2.2899999618530273,1.7743133306503296
12-11-2018,2.200000047683716,2.200000047683716,3800,2.200000047683716,2.200000047683716,1.7045806646347046
13-11-2018,2.2300000190734863,2.2300000190734863,283800,2.2300000190734863,2.2300000190734863,1.7278249263763428
14-11-2018,2.2300000190734863,2.2300000190734863,0,2.2300000190734863,2.2300000190734863,1.7278249263763428
15-11-2018,2.2200000286102295,2.2200000286102295,9300,2.2200000286102295,2.2200000286102295,1.7200766801834106
16-11-2018,2.2200000286102295,2.2200000286102295,0,2.2200000286102295,2.2200000286102295,1.7200766801834106
19-11-2018,2.2200000286102295,2.2200000286102295,4100,2.2200000286102295,2.2200000286102295,1.7200766801834106
20-11-2018,2.1600000858306885,2.190000057220459,288900,2.190000057220459,2.1700000762939453,1.681336522102356
21-11-2018,2.1700000762939453,2.1700000762939453,44300,2.1700000762939453,2.1700000762939453,1.681336522102356
23-11-2018,2.1700000762939453,2.1700000762939453,0,2.1700000762939453,2.1700000762939453,1.681336522102356
26-11-2018,2.2799999713897705,2.3499999046325684,222600,2.3499999046325684,2.3499999046325684,1.820801854133606
27-11-2018,2.3499999046325684,2.3499999046325684,0,2.3499999046325684,2.3499999046325684,1.820801854133606
28-11-2018,2.309999942779541,2.309999942779541,9000,2.309999942779541,2.309999942779541,1.7898094654083252
29-11-2018,2.309999942779541,2.309999942779541,0,2.309999942779541,2.309999942779541,1.7898094654083252
30-11-2018,2.319999933242798,2.319999933242798,800,2.319999933242798,2.319999933242798,1.797557711601257
03-12-2018,2.369999885559082,2.369999885559082,1500,2.369999885559082,2.369999885559082,1.8362979888916016
04-12-2018,2.2699999809265137,2.299999952316284,223800,2.309999942779541,2.2699999809265137,1.7588173151016235
06-12-2018,2.2100000381469727,2.2100000381469727,1767400,2.259999990463257,2.2200000286102295,1.7200766801834106
07-12-2018,2.2100000381469727,2.25,43900,2.2699999809265137,2.25,1.7433208227157593
10-12-2018,2.25,2.25,0,2.25,2.25,1.7433208227157593
11-12-2018,2.2200000286102295,2.2200000286102295,119500,2.2200000286102295,2.2200000286102295,1.7200766801834106
12-12-2018,2.2200000286102295,2.2200000286102295,30900,2.2200000286102295,2.2200000286102295,1.7200766801834106
13-12-2018,2.299999952316284,2.299999952316284,64500,2.319999933242798,2.319999933242798,1.797557711601257
14-12-2018,2.259999990463257,2.2699999809265137,21900,2.2799999713897705,2.2799999713897705,1.7665653228759766
17-12-2018,2.25,2.25,500,2.25,2.25,1.7433208227157593
18-12-2018,2.259999990463257,2.259999990463257,800,2.259999990463257,2.259999990463257,1.7510690689086914
19-12-2018,2.25,2.25,13200,2.25,2.25,1.7433208227157593
20-12-2018,2.200000047683716,2.2300000190734863,28200,2.2300000190734863,2.200000047683716,1.7045806646347046
21-12-2018,2.1500000953674316,2.1700000762939453,14900,2.1700000762939453,2.1500000953674316,1.6658402681350708
24-12-2018,2.109999895095825,2.109999895095825,1300,2.109999895095825,2.109999895095825,1.6348477602005005
26-12-2018,2.109999895095825,2.190000057220459,4600,2.190000057220459,2.109999895095825,1.6348477602005005
27-12-2018,2.1600000858306885,2.1600000858306885,45100,2.200000047683716,2.200000047683716,1.7045806646347046
28-12-2018,2.180000066757202,2.180000066757202,2000,2.180000066757202,2.180000066757202,1.689084529876709
31-12-2018,2.180000066757202,2.180000066757202,0,2.180000066757202,2.180000066757202,1.689084529876709
02-01-2019,2.1700000762939453,2.1700000762939453,2500,2.1700000762939453,2.1700000762939453,1.681336522102356
03-01-2019,2.1500000953674316,2.180000066757202,147700,2.180000066757202,2.1500000953674316,1.6658402681350708
04-01-2019,2.1500000953674316,2.1500000953674316,0,2.1500000953674316,2.1500000953674316,1.6658402681350708
07-01-2019,2.359999895095825,2.359999895095825,2100,2.359999895095825,2.359999895095825,1.828550100326538
08-01-2019,2.309999942779541,2.309999942779541,700,2.309999942779541,2.309999942779541,1.7898094654083252
09-01-2019,2.309999942779541,2.309999942779541,2400,2.309999942779541,2.309999942779541,1.7898094654083252
10-01-2019,2.309999942779541,2.309999942779541,13200,2.309999942779541,2.309999942779541,1.7898094654083252
11-01-2019,2.309999942779541,2.309999942779541,59000,2.309999942779541,2.309999942779541,1.7898094654083252
14-01-2019,2.309999942779541,2.309999942779541,13700,2.309999942779541,2.309999942779541,1.7898094654083252
15-01-2019,2.2300000190734863,2.2300000190734863,293100,2.2300000190734863,2.2300000190734863,1.7278249263763428
16-01-2019,2.309999942779541,2.309999942779541,500,2.309999942779541,2.309999942779541,1.7898094654083252
17-01-2019,2.2799999713897705,2.2799999713897705,19100,2.319999933242798,2.319999933242798,1.797557711601257
18-01-2019,2.319999933242798,2.319999933242798,0,2.319999933242798,2.319999933242798,1.797557711601257
22-01-2019,2.2899999618530273,2.299999952316284,50600,2.309999942779541,2.309999942779541,1.7898094654083252
23-01-2019,2.309999942779541,2.309999942779541,14500,2.309999942779541,2.309999942779541,1.7898094654083252
24-01-2019,2.309999942779541,2.309999942779541,75700,2.309999942779541,2.309999942779541,1.7898094654083252
25-01-2019,2.3499999046325684,2.3499999046325684,7600,2.369999885559082,2.369999885559082,1.8362979888916016
28-01-2019,2.3499999046325684,2.3499999046325684,1400,2.3499999046325684,2.3499999046325684,1.820801854133606
29-01-2019,2.319999933242798,2.319999933242798,133800,2.3499999046325684,2.3499999046325684,1.820801854133606
30-01-2019,2.3499999046325684,2.3499999046325684,0,2.3499999046325684,2.3499999046325684,1.820801854133606
31-01-2019,2.259999990463257,2.259999990463257,25100,2.259999990463257,2.259999990463257,1.7510690689086914
01-02-2019,2.259999990463257,2.259999990463257,2300,2.259999990463257,2.259999990463257,1.7510690689086914
04-02-2019,2.259999990463257,2.259999990463257,0,2.259999990463257,2.259999990463257,1.7510690689086914
05-02-2019,2.259999990463257,2.259999990463257,5700,2.259999990463257,2.259999990463257,1.7510690689086914
06-02-2019,2.259999990463257,2.259999990463257,0,2.259999990463257,2.259999990463257,1.7510690689086914
07-02-2019,2.259999990463257,2.259999990463257,0,2.259999990463257,2.259999990463257,1.7510690689086914
08-02-2019,2.259999990463257,2.259999990463257,1500,2.259999990463257,2.259999990463257,1.7510690689086914
11-02-2019,2.259999990463257,2.259999990463257,0,2.259999990463257,2.259999990463257,1.7510690689086914
12-02-2019,2.2799999713897705,2.2799999713897705,500,2.2799999713897705,2.2799999713897705,1.7665653228759766
13-02-2019,2.2799999713897705,2.2799999713897705,0,2.2799999713897705,2.2799999713897705,1.7665653228759766
14-02-2019,2.2799999713897705,2.2799999713897705,0,2.2799999713897705,2.2799999713897705,1.7665653228759766
15-02-2019,2.299999952316284,2.299999952316284,4500,2.299999952316284,2.299999952316284,1.7820614576339722
19-02-2019,2.299999952316284,2.299999952316284,26600,2.299999952316284,2.299999952316284,1.7820614576339722
20-02-2019,2.359999895095825,2.359999895095825,200,2.359999895095825,2.359999895095825,1.828550100326538
21-02-2019,2.359999895095825,2.359999895095825,0,2.359999895095825,2.359999895095825,1.828550100326538
22-02-2019,2.359999895095825,2.359999895095825,0,2.359999895095825,2.359999895095825,1.828550100326538
25-02-2019,2.359999895095825,2.359999895095825,0,2.359999895095825,2.359999895095825,1.828550100326538
26-02-2019,2.3399999141693115,2.3399999141693115,184000,2.369999885559082,2.369999885559082,1.8362979888916016
27-02-2019,2.369999885559082,2.369999885559082,0,2.369999885559082,2.369999885559082,1.8362979888916016
28-02-2019,2.369999885559082,2.369999885559082,0,2.369999885559082,2.369999885559082,1.8362979888916016
01-03-2019,2.369999885559082,2.369999885559082,100,2.369999885559082,2.369999885559082,1.8362979888916016
04-03-2019,2.369999885559082,2.369999885559082,0,2.369999885559082,2.369999885559082,1.8362979888916016
05-03-2019,2.369999885559082,2.369999885559082,0,2.369999885559082,2.369999885559082,1.8362979888916016
06-03-2019,2.450000047683716,2.450000047683716,500,2.450000047683716,2.450000047683716,1.8982826471328735
07-03-2019,2.4000000953674316,2.4000000953674316,14000,2.4100000858306885,2.4100000858306885,1.867290735244751
08-03-2019,2.380000114440918,2.380000114440918,1500,2.380000114440918,2.380000114440918,1.8440462350845337
11-03-2019,2.380000114440918,2.380000114440918,0,2.380000114440918,2.380000114440918,1.8440462350845337
12-03-2019,2.380000114440918,2.380000114440918,0,2.380000114440918,2.380000114440918,1.8440462350845337
13-03-2019,2.430000066757202,2.430000066757202,84000,2.440000057220459,2.440000057220459,1.8905348777770996
14-03-2019,2.450000047683716,2.450000047683716,2000,2.450000047683716,2.450000047683716,1.8982826471328735
15-03-2019,2.4600000381469727,2.4600000381469727,100,2.4600000381469727,2.4600000381469727,1.9060308933258057
18-03-2019,2.4600000381469727,2.4600000381469727,0,2.4600000381469727,2.4600000381469727,1.9060308933258057
19-03-2019,2.559999942779541,2.559999942779541,300,2.559999942779541,2.559999942779541,1.9835118055343628
20-03-2019,2.559999942779541,2.559999942779541,0,2.559999942779541,2.559999942779541,1.9835118055343628
21-03-2019,2.559999942779541,2.559999942779541,0,2.559999942779541,2.559999942779541,1.9835118055343628
22-03-2019,2.440000057220459,2.440000057220459,1200,2.440000057220459,2.440000057220459,1.8905348777770996
25-03-2019,2.4200000762939453,2.4200000762939453,1200,2.4200000762939453,2.4200000762939453,1.8750386238098145
26-03-2019,2.4200000762939453,2.4200000762939453,0,2.4200000762939453,2.4200000762939453,1.8750386238098145
27-03-2019,2.4200000762939453,2.4200000762939453,0,2.4200000762939453,2.4200000762939453,1.8750386238098145
28-03-2019,2.4000000953674316,2.4000000953674316,7900,2.4100000858306885,2.4100000858306885,1.867290735244751
29-03-2019,2.440000057220459,2.440000057220459,500,2.440000057220459,2.440000057220459,1.8905348777770996
01-04-2019,2.4600000381469727,2.4800000190734863,1800,2.4800000190734863,2.4800000190734863,1.9215272665023804
02-04-2019,2.4800000190734863,2.4800000190734863,100,2.4800000190734863,2.4800000190734863,1.9215272665023804
03-04-2019,2.5199999809265137,2.5199999809265137,2300,2.5199999809265137,2.5199999809265137,1.9525196552276611
04-04-2019,2.509999990463257,2.509999990463257,1300,2.509999990463257,2.509999990463257,1.944771409034729
05-04-2019,2.509999990463257,2.509999990463257,100,2.509999990463257,2.509999990463257,1.944771409034729
08-04-2019,2.490000009536743,2.490000009536743,9800,2.5299999713897705,2.5299999713897705,1.9602675437927248
09-04-2019,2.5299999713897705,2.5299999713897705,14000,2.5299999713897705,2.5299999713897705,1.9602675437927248
10-04-2019,2.509999990463257,2.509999990463257,600,2.509999990463257,2.509999990463257,1.944771409034729
11-04-2019,2.509999990463257,2.509999990463257,0,2.509999990463257,2.509999990463257,1.944771409034729
12-04-2019,2.509999990463257,2.509999990463257,0,2.509999990463257,2.509999990463257,1.944771409034729
15-04-2019,2.5799999237060547,2.5799999237060547,3400,2.5799999237060547,2.5799999237060547,1.999008059501648
16-04-2019,2.5799999237060547,2.5799999237060547,0,2.5799999237060547,2.5799999237060547,1.999008059501648
17-04-2019,2.619999885559082,2.640000104904175,10800,2.6700000762939453,2.619999885559082,2.0300004482269287
18-04-2019,2.619999885559082,2.619999885559082,0,2.619999885559082,2.619999885559082,2.0300004482269287
22-04-2019,2.619999885559082,2.619999885559082,0,2.619999885559082,2.619999885559082,2.0300004482269287
23-04-2019,2.619999885559082,2.619999885559082,0,2.619999885559082,2.619999885559082,2.0300004482269287
24-04-2019,2.619999885559082,2.619999885559082,0,2.619999885559082,2.619999885559082,2.0300004482269287
25-04-2019,2.5199999809265137,2.569999933242798,1900,2.569999933242798,2.5199999809265137,1.9525196552276611
26-04-2019,2.549999952316284,2.549999952316284,600,2.549999952316284,2.549999952316284,1.9757640361785889
29-04-2019,2.5999999046325684,2.5999999046325684,100,2.5999999046325684,2.5999999046325684,2.0145039558410645
30-04-2019,2.5999999046325684,2.5999999046325684,0,2.5999999046325684,2.5999999046325684,2.0145039558410645
01-05-2019,2.5999999046325684,2.5999999046325684,0,2.5999999046325684,2.5999999046325684,2.0145039558410645
02-05-2019,2.5999999046325684,2.5999999046325684,0,2.5999999046325684,2.5999999046325684,2.0145039558410645
03-05-2019,2.5999999046325684,2.5999999046325684,227200,2.5999999046325684,2.5999999046325684,2.0145039558410645
06-05-2019,2.5999999046325684,2.5999999046325684,0,2.5999999046325684,2.5999999046325684,2.0145039558410645
07-05-2019,2.509999990463257,2.509999990463257,5000,2.5199999809265137,2.5199999809265137,1.9525196552276611
08-05-2019,2.5199999809265137,2.5199999809265137,0,2.5199999809265137,2.5199999809265137,1.9525196552276611
09-05-2019,2.5199999809265137,2.5199999809265137,0,2.5199999809265137,2.5199999809265137,1.9525196552276611
10-05-2019,2.5199999809265137,2.5199999809265137,0,2.5199999809265137,2.5199999809265137,1.9525196552276611
13-05-2019,2.4000000953674316,2.4000000953674316,1300,2.4000000953674316,2.4000000953674316,1.8595423698425293
14-05-2019,2.4000000953674316,2.4000000953674316,0,2.4000000953674316,2.4000000953674316,1.8595423698425293
15-05-2019,2.4000000953674316,2.4000000953674316,0,2.4000000953674316,2.4000000953674316,1.8595423698425293
16-05-2019,2.4000000953674316,2.4000000953674316,0,2.4000000953674316,2.4000000953674316,1.8595423698425293
17-05-2019,2.4000000953674316,2.4000000953674316,0,2.4000000953674316,2.4000000953674316,1.8595423698425293
20-05-2019,2.190000057220459,2.2100000381469727,4700,2.2100000381469727,2.190000057220459,1.868072509765625
21-05-2019,2.1700000762939453,2.200000047683716,2200,2.200000047683716,2.200000047683716,1.8766025304794312
22-05-2019,2.1700000762939453,2.1700000762939453,5800,2.1700000762939453,2.1700000762939453,1.8510124683380127
23-05-2019,2.119999885559082,2.1500000953674316,7100,2.1500000953674316,2.119999885559082,1.8083621263504028
24-05-2019,2.1500000953674316,2.1500000953674316,1100,2.1500000953674316,2.1500000953674316,1.8339524269104004
28-05-2019,2.1500000953674316,2.1500000953674316,0,2.1500000953674316,2.1500000953674316,1.8339524269104004
29-05-2019,2.0799999237060547,2.0999999046325684,570300,2.0999999046325684,2.0799999237060547,1.7742421627044678
30-05-2019,2.0799999237060547,2.0999999046325684,6100,2.0999999046325684,2.0999999046325684,1.79130220413208
31-05-2019,2.049999952316284,2.049999952316284,13900,2.069999933242798,2.049999952316284,1.7486522197723389
03-06-2019,2.0199999809265137,2.0299999713897705,37000,2.0299999713897705,2.0199999809265137,1.7230620384216309
04-06-2019,2.0799999237060547,2.0799999237060547,200,2.0999999046325684,2.0999999046325684,1.79130220413208
05-06-2019,2.0899999141693115,2.0899999141693115,3400,2.0899999141693115,2.0899999141693115,1.7827720642089844
06-06-2019,2.0899999141693115,2.0899999141693115,2700,2.0899999141693115,2.0899999141693115,1.7827720642089844
07-06-2019,2.0899999141693115,2.0899999141693115,0,2.0899999141693115,2.0899999141693115,1.7827720642089844
10-06-2019,2.0899999141693115,2.109999895095825,27500,2.109999895095825,2.0899999141693115,1.7827720642089844
11-06-2019,2.0899999141693115,2.0899999141693115,5400,2.0899999141693115,2.0899999141693115,1.7827720642089844
12-06-2019,2.069999933242798,2.069999933242798,60200,2.069999933242798,2.069999933242798,1.7657121419906616
13-06-2019,2.059999942779541,2.0799999237060547,94500,2.0799999237060547,2.059999942779541,1.7571821212768557
14-06-2019,2.059999942779541,2.059999942779541,0,2.059999942779541,2.059999942779541,1.7571821212768557
17-06-2019,2.059999942779541,2.059999942779541,0,2.059999942779541,2.059999942779541,1.7571821212768557
18-06-2019,2.0899999141693115,2.0899999141693115,19100,2.0899999141693115,2.0899999141693115,1.7827720642089844
19-06-2019,2.119999885559082,2.119999885559082,33500,2.130000114440918,2.119999885559082,1.8083621263504028
20-06-2019,2.130000114440918,2.130000114440918,4600,2.130000114440918,2.130000114440918,1.816892385482788
21-06-2019,2.140000104904175,2.140000104904175,2300,2.140000104904175,2.140000104904175,1.8254224061965945
24-06-2019,2.140000104904175,2.140000104904175,100,2.140000104904175,2.140000104904175,1.8254224061965945
25-06-2019,2.140000104904175,2.140000104904175,0,2.140000104904175,2.140000104904175,1.8254224061965945
26-06-2019,2.140000104904175,2.140000104904175,0,2.140000104904175,2.140000104904175,1.8254224061965945
27-06-2019,2.140000104904175,2.140000104904175,0,2.140000104904175,2.140000104904175,1.8254224061965945
28-06-2019,2.140000104904175,2.140000104904175,0,2.140000104904175,2.140000104904175,1.8254224061965945
01-07-2019,2.140000104904175,2.140000104904175,0,2.140000104904175,2.140000104904175,1.8254224061965945
02-07-2019,2.140000104904175,2.1500000953674316,39900,2.1500000953674316,2.140000104904175,1.8254224061965945
03-07-2019,2.140000104904175,2.140000104904175,0,2.140000104904175,2.140000104904175,1.8254224061965945
05-07-2019,2.2699999809265137,2.309999942779541,9200,2.309999942779541,2.2699999809265137,1.936312556266785
08-07-2019,2.2699999809265137,2.2699999809265137,100,2.2699999809265137,2.2699999809265137,1.936312556266785
09-07-2019,2.2699999809265137,2.2699999809265137,0,2.2699999809265137,2.2699999809265137,1.936312556266785
10-07-2019,2.2699999809265137,2.2699999809265137,100,2.2699999809265137,2.2699999809265137,1.936312556266785
11-07-2019,2.2699999809265137,2.2699999809265137,0,2.2699999809265137,2.2699999809265137,1.936312556266785
12-07-2019,2.2899999618530273,2.319999933242798,2100,2.319999933242798,2.2899999618530273,1.953372597694397
15-07-2019,2.2899999618530273,2.2899999618530273,700,2.2899999618530273,2.2899999618530273,1.953372597694397
16-07-2019,2.2899999618530273,2.2899999618530273,85700,2.2899999618530273,2.2899999618530273,1.953372597694397
17-07-2019,2.2899999618530273,2.2899999618530273,3600,2.2899999618530273,2.2899999618530273,1.953372597694397
18-07-2019,2.2899999618530273,2.2899999618530273,0,2.2899999618530273,2.2899999618530273,1.953372597694397
19-07-2019,2.2899999618530273,2.2899999618530273,0,2.2899999618530273,2.2899999618530273,1.953372597694397
22-07-2019,2.2899999618530273,2.2899999618530273,12900,2.2899999618530273,2.2899999618530273,1.953372597694397
23-07-2019,2.2899999618530273,2.2899999618530273,0,2.2899999618530273,2.2899999618530273,1.953372597694397
24-07-2019,2.240000009536743,2.2699999809265137,1200,2.2699999809265137,2.240000009536743,1.9107223749160769
25-07-2019,2.2799999713897705,2.2799999713897705,1000,2.2799999713897705,2.2799999713897705,1.9448426961898804
26-07-2019,2.25,2.25,200,2.25,2.25,1.9192525148391724
29-07-2019,2.240000009536743,2.240000009536743,2000,2.240000009536743,2.240000009536743,1.9107223749160769
30-07-2019,2.240000009536743,2.240000009536743,2000,2.240000009536743,2.240000009536743,1.9107223749160769
31-07-2019,2.240000009536743,2.240000009536743,2000,2.240000009536743,2.240000009536743,1.9107223749160769
01-08-2019,2.240000009536743,2.240000009536743,1400,2.240000009536743,2.240000009536743,1.9107223749160769
02-08-2019,2.1500000953674316,2.1500000953674316,9900,2.1500000953674316,2.1500000953674316,1.8339524269104004
05-08-2019,2.180000066757202,2.190000057220459,6700,2.190000057220459,2.180000066757202,1.8595423698425293
06-08-2019,2.190000057220459,2.190000057220459,2000,2.190000057220459,2.190000057220459,1.868072509765625
07-08-2019,2.190000057220459,2.190000057220459,2000,2.190000057220459,2.190000057220459,1.868072509765625
08-08-2019,2.190000057220459,2.190000057220459,2000,2.190000057220459,2.190000057220459,1.868072509765625
09-08-2019,2.0899999141693115,2.0999999046325684,15100,2.0999999046325684,2.0899999141693115,1.7827720642089844
12-08-2019,2.0899999141693115,2.0999999046325684,66000,2.0999999046325684,2.0899999141693115,1.7827720642089844
13-08-2019,2.0899999141693115,2.0999999046325684,3900,2.109999895095825,2.109999895095825,1.7998322248458862
14-08-2019,2.049999952316284,2.049999952316284,5700,2.049999952316284,2.049999952316284,1.7486522197723389
15-08-2019,2.049999952316284,2.049999952316284,5700,2.049999952316284,2.049999952316284,1.7486522197723389
16-08-2019,2.049999952316284,2.049999952316284,0,2.049999952316284,2.049999952316284,1.7486522197723389
19-08-2019,2.130000114440918,2.130000114440918,200,2.130000114440918,2.130000114440918,1.816892385482788
20-08-2019,2.0999999046325684,2.0999999046325684,100,2.0999999046325684,2.0999999046325684,1.79130220413208
21-08-2019,2.0999999046325684,2.0999999046325684,0,2.0999999046325684,2.0999999046325684,1.79130220413208
22-08-2019,2.0999999046325684,2.0999999046325684,0,2.0999999046325684,2.0999999046325684,1.79130220413208
23-08-2019,2.0999999046325684,2.0999999046325684,0,2.0999999046325684,2.0999999046325684,1.79130220413208
26-08-2019,2.0999999046325684,2.0999999046325684,0,2.0999999046325684,2.0999999046325684,1.79130220413208
27-08-2019,2.1500000953674316,2.1500000953674316,1100,2.1500000953674316,2.1500000953674316,1.8339524269104004
28-08-2019,2.1700000762939453,2.1700000762939453,2300,2.1700000762939453,2.1700000762939453,1.8510124683380127
29-08-2019,2.2100000381469727,2.2100000381469727,1600,2.2100000381469727,2.2100000381469727,1.8851325511932373
30-08-2019,2.2100000381469727,2.2100000381469727,0,2.2100000381469727,2.2100000381469727,1.8851325511932373
03-09-2019,2.2100000381469727,2.2100000381469727,0,2.2100000381469727,2.2100000381469727,1.8851325511932373
04-09-2019,2.2100000381469727,2.2100000381469727,0,2.2100000381469727,2.2100000381469727,1.8851325511932373
05-09-2019,2.25,2.2699999809265137,4700,2.2699999809265137,2.25,1.9192525148391724
06-09-2019,2.25,2.25,0,2.25,2.25,1.9192525148391724
09-09-2019,2.25,2.25,0,2.25,2.25,1.9192525148391724
10-09-2019,2.25,2.25,0,2.25,2.25,1.9192525148391724
11-09-2019,2.25,2.25,0,2.25,2.25,1.9192525148391724
12-09-2019,2.3399999141693115,2.3399999141693115,700,2.3399999141693115,2.3399999141693115,1.9960224628448489
13-09-2019,2.390000104904175,2.390000104904175,59900,2.4000000953674316,2.4000000953674316,2.0472025871276855
16-09-2019,2.3499999046325684,2.380000114440918,14200,2.380000114440918,2.3499999046325684,2.0045523643493652
17-09-2019,2.3499999046325684,2.3499999046325684,0,2.3499999046325684,2.3499999046325684,2.0045523643493652
18-09-2019,2.3499999046325684,2.3499999046325684,16600,2.359999895095825,2.359999895095825,2.013082504272461
19-09-2019,2.0,2.0,87600,2.4000000953674316,2.390000104904175,2.038672685623169
20-09-2019,2.380000114440918,2.380000114440918,1900,2.380000114440918,2.380000114440918,2.030143022537231
23-09-2019,2.3499999046325684,2.3499999046325684,1000,2.3499999046325684,2.3499999046325684,2.0045523643493652
24-09-2019,2.3299999237060547,2.3299999237060547,13900,2.3299999237060547,2.3299999237060547,1.987492322921753
25-09-2019,2.299999952316284,2.299999952316284,16100,2.299999952316284,2.299999952316284,1.9619024991989136
26-09-2019,2.3299999237060547,2.3399999141693115,184900,2.3399999141693115,2.3399999141693115,1.9960224628448489
27-09-2019,2.3299999237060547,2.3399999141693115,8700,2.3399999141693115,2.3299999237060547,1.987492322921753
30-09-2019,2.369999885559082,2.369999885559082,15800,2.369999885559082,2.369999885559082,2.0216124057769775
01-10-2019,2.359999895095825,2.359999895095825,2200,2.359999895095825,2.359999895095825,2.013082504272461
02-10-2019,2.25,2.299999952316284,236700,2.299999952316284,2.25,1.9192525148391724
03-10-2019,2.2699999809265137,2.2899999618530273,7300,2.2899999618530273,2.2699999809265137,1.936312556266785
04-10-2019,2.2699999809265137,2.2699999809265137,0,2.2699999809265137,2.2699999809265137,1.936312556266785
07-10-2019,2.2699999809265137,2.2699999809265137,0,2.2699999809265137,2.2699999809265137,1.936312556266785
08-10-2019,2.2699999809265137,2.2699999809265137,2400,2.2699999809265137,2.2699999809265137,1.936312556266785
09-10-2019,2.2699999809265137,2.2699999809265137,0,2.2699999809265137,2.2699999809265137,1.936312556266785
10-10-2019,2.3499999046325684,2.3499999046325684,100,2.3499999046325684,2.3499999046325684,2.0045523643493652
11-10-2019,2.380000114440918,2.380000114440918,146900,2.4000000953674316,2.4000000953674316,2.0472025871276855
14-10-2019,2.4000000953674316,2.4000000953674316,0,2.4000000953674316,2.4000000953674316,2.0472025871276855
15-10-2019,2.4100000858306885,2.4100000858306885,75900,2.440000057220459,2.430000066757202,2.0727927684783936
16-10-2019,2.430000066757202,2.430000066757202,0,2.430000066757202,2.430000066757202,2.0727927684783936
17-10-2019,2.4600000381469727,2.5,199100,2.5,2.4600000381469727,2.0983827114105225
18-10-2019,2.4600000381469727,2.4600000381469727,0,2.4600000381469727,2.4600000381469727,2.0983827114105225
21-10-2019,2.5,2.509999990463257,18600,2.5199999809265137,2.5,2.132502794265747
22-10-2019,2.5299999713897705,2.5299999713897705,2100,2.5299999713897705,2.5299999713897705,2.158092498779297
23-10-2019,2.509999990463257,2.5299999713897705,8300,2.5399999618530273,2.5199999809265137,2.1495625972747803
24-10-2019,2.5199999809265137,2.5199999809265137,0,2.5199999809265137,2.5199999809265137,2.1495625972747803
25-10-2019,2.5199999809265137,2.5199999809265137,0,2.5199999809265137,2.5199999809265137,2.1495625972747803
28-10-2019,2.5199999809265137,2.5199999809265137,75800,2.5199999809265137,2.5199999809265137,2.1495625972747803
29-10-2019,2.509999990463257,2.5299999713897705,18900,2.549999952316284,2.5199999809265137,2.1495625972747803
30-10-2019,2.4600000381469727,2.5,3300,2.5,2.4600000381469727,2.0983827114105225
31-10-2019,2.4700000286102295,2.490000009536743,2400,2.490000009536743,2.4700000286102295,2.1069130897521973
01-11-2019,2.4700000286102295,2.4700000286102295,0,2.4700000286102295,2.4700000286102295,2.1069130897521973
04-11-2019,2.5399999618530273,2.5399999618530273,3700,2.559999942779541,2.5399999618530273,2.1666226387023926
05-11-2019,2.619999885559082,2.619999885559082,6600,2.619999885559082,2.619999885559082,2.2348625659942627
06-11-2019,2.619999885559082,2.619999885559082,0,2.619999885559082,2.619999885559082,2.2348625659942627
07-11-2019,2.5799999237060547,2.5999999046325684,1500,2.5999999046325684,2.5999999046325684,2.2178025245666504
08-11-2019,2.549999952316284,2.549999952316284,2000,2.549999952316284,2.549999952316284,2.175152540206909
11-11-2019,2.549999952316284,2.549999952316284,0,2.549999952316284,2.549999952316284,2.175152540206909
12-11-2019,2.5999999046325684,2.619999885559082,13100,2.619999885559082,2.5999999046325684,2.2178025245666504
13-11-2019,2.569999933242798,2.569999933242798,305000,2.569999933242798,2.569999933242798,2.1922128200531006
14-11-2019,2.569999933242798,2.569999933242798,0,2.569999933242798,2.569999933242798,2.1922128200531006
15-11-2019,2.559999942779541,2.559999942779541,119700,2.559999942779541,2.559999942779541,2.183682918548584
18-11-2019,2.569999933242798,2.569999933242798,7800,2.569999933242798,2.569999933242798,2.1922128200531006
19-11-2019,2.640000104904175,2.640000104904175,139900,2.640000104904175,2.640000104904175,2.251922845840454
20-11-2019,2.640000104904175,2.640000104904175,0,2.640000104904175,2.640000104904175,2.251922845840454
21-11-2019,2.6500000953674316,2.6500000953674316,5700,2.6500000953674316,2.6500000953674316,2.26045298576355
22-11-2019,2.619999885559082,2.619999885559082,2700,2.619999885559082,2.619999885559082,2.2348625659942627
25-11-2019,2.569999933242798,2.569999933242798,21200,2.619999885559082,2.619999885559082,2.2348625659942627
26-11-2019,2.5799999237060547,2.5999999046325684,45400,2.609999895095825,2.5799999237060547,2.200742483139038
27-11-2019,2.5799999237060547,2.5799999237060547,4000,2.5999999046325684,2.5999999046325684,2.2178025245666504
29-11-2019,2.509999990463257,2.569999933242798,4200,2.569999933242798,2.509999990463257,2.1410326957702637
02-12-2019,2.509999990463257,2.509999990463257,0,2.509999990463257,2.509999990463257,2.1410326957702637
03-12-2019,2.450000047683716,2.450000047683716,100,2.450000047683716,2.450000047683716,2.089852809906006
04-12-2019,2.549999952316284,2.549999952316284,400,2.549999952316284,2.549999952316284,2.175152540206909
05-12-2019,2.549999952316284,2.549999952316284,0,2.549999952316284,2.549999952316284,2.175152540206909
06-12-2019,2.559999942779541,2.559999942779541,6100,2.5799999237060547,2.5799999237060547,2.200742483139038
09-12-2019,2.5799999237060547,2.5799999237060547,0,2.5799999237060547,2.5799999237060547,2.200742483139038
10-12-2019,2.5299999713897705,2.549999952316284,25500,2.549999952316284,2.549999952316284,2.175152540206909
11-12-2019,2.549999952316284,2.559999942779541,171800,2.559999942779541,2.549999952316284,2.175152540206909
12-12-2019,2.5999999046325684,2.5999999046325684,200,2.619999885559082,2.619999885559082,2.2348625659942627
13-12-2019,2.619999885559082,2.619999885559082,0,2.619999885559082,2.619999885559082,2.2348625659942627
16-12-2019,2.640000104904175,2.6500000953674316,11800,2.6500000953674316,2.640000104904175,2.251922845840454
17-12-2019,2.619999885559082,2.619999885559082,5000,2.619999885559082,2.619999885559082,2.2348625659942627
18-12-2019,2.619999885559082,2.619999885559082,0,2.619999885559082,2.619999885559082,2.2348625659942627
19-12-2019,2.5999999046325684,2.619999885559082,27100,2.640000104904175,2.619999885559082,2.2348625659942627
20-12-2019,2.640000104904175,2.640000104904175,7600,2.640000104904175,2.640000104904175,2.251922845840454
23-12-2019,2.630000114440918,2.630000114440918,34100,2.6600000858306885,2.6600000858306885,2.2689831256866455
24-12-2019,2.6600000858306885,2.6600000858306885,0,2.6600000858306885,2.6600000858306885,2.2689831256866455
26-12-2019,2.619999885559082,2.6500000953674316,3500,2.6500000953674316,2.619999885559082,2.2348625659942627
27-12-2019,2.619999885559082,2.619999885559082,0,2.619999885559082,2.619999885559082,2.2348625659942627
30-12-2019,2.6500000953674316,2.6500000953674316,300,2.6500000953674316,2.6500000953674316,2.26045298576355
31-12-2019,2.609999895095825,2.609999895095825,62600,2.619999885559082,2.619999885559082,2.2348625659942627
02-01-2020,2.640000104904175,2.640000104904175,1000,2.640000104904175,2.640000104904175,2.251922845840454
03-01-2020,2.640000104904175,2.640000104904175,0,2.640000104904175,2.640000104904175,2.251922845840454
06-01-2020,2.640000104904175,2.640000104904175,0,2.640000104904175,2.640000104904175,2.251922845840454
07-01-2020,2.640000104904175,2.640000104904175,0,2.640000104904175,2.640000104904175,2.251922845840454
08-01-2020,2.5899999141693115,2.619999885559082,13800,2.619999885559082,2.5899999141693115,2.209272623062134
09-01-2020,2.5899999141693115,2.5899999141693115,0,2.5899999141693115,2.5899999141693115,2.209272623062134
10-01-2020,2.630000114440918,2.630000114440918,800,2.630000114440918,2.630000114440918,2.2433929443359375
13-01-2020,2.5799999237060547,2.619999885559082,3800,2.619999885559082,2.5799999237060547,2.200742483139038
14-01-2020,2.5799999237060547,2.5799999237060547,0,2.5799999237060547,2.5799999237060547,2.200742483139038
15-01-2020,2.5999999046325684,2.5999999046325684,24600,2.619999885559082,2.619999885559082,2.2348625659942627
16-01-2020,2.619999885559082,2.619999885559082,0,2.619999885559082,2.619999885559082,2.2348625659942627
17-01-2020,2.569999933242798,2.569999933242798,3100,2.569999933242798,2.569999933242798,2.1922128200531006
21-01-2020,2.569999933242798,2.569999933242798,0,2.569999933242798,2.569999933242798,2.1922128200531006
22-01-2020,2.5299999713897705,2.5299999713897705,20100,2.5399999618530273,2.5399999618530273,2.1666226387023926
23-01-2020,2.5299999713897705,2.5299999713897705,178200,2.5299999713897705,2.5299999713897705,2.158092498779297
24-01-2020,2.5299999713897705,2.5299999713897705,0,2.5299999713897705,2.5299999713897705,2.158092498779297
27-01-2020,2.5299999713897705,2.5299999713897705,1700,2.5299999713897705,2.5299999713897705,2.158092498779297
28-01-2020,2.5299999713897705,2.5299999713897705,12200,2.5299999713897705,2.5299999713897705,2.158092498779297
29-01-2020,2.5399999618530273,2.5399999618530273,300,2.5399999618530273,2.5399999618530273,2.1666226387023926
30-01-2020,2.5399999618530273,2.5399999618530273,0,2.5399999618530273,2.5399999618530273,2.1666226387023926
31-01-2020,2.5399999618530273,2.5399999618530273,0,2.5399999618530273,2.5399999618530273,2.1666226387023926
03-02-2020,2.5299999713897705,2.5299999713897705,200,2.5299999713897705,2.5299999713897705,2.158092498779297
04-02-2020,2.5799999237060547,2.5999999046325684,31600,2.5999999046325684,2.5799999237060547,2.200742483139038
05-02-2020,2.680000066757202,2.680000066757202,1400,2.680000066757202,2.680000066757202,2.2860429286956787
06-02-2020,2.7200000286102295,2.7200000286102295,19700,2.7200000286102295,2.7200000286102295,2.3201630115509033
07-02-2020,2.7200000286102295,2.7200000286102295,0,2.7200000286102295,2.7200000286102295,2.3201630115509033
10-02-2020,2.7200000286102295,2.7200000286102295,0,2.7200000286102295,2.7200000286102295,2.3201630115509033
11-02-2020,2.690000057220459,2.690000057220459,8500,2.690000057220459,2.690000057220459,2.2945728302001953
12-02-2020,2.75,2.75,200,2.75,2.75,2.3457531929016113
13-02-2020,2.75,2.75,0,2.75,2.75,2.3457531929016113
14-02-2020,2.75,2.75,0,2.75,2.75,2.3457531929016113
18-02-2020,2.799999952316284,2.799999952316284,97700,2.809999942779541,2.809999942779541,2.39693284034729
19-02-2020,2.809999942779541,2.809999942779541,0,2.809999942779541,2.809999942779541,2.39693284034729
20-02-2020,2.75,2.759999990463257,9900,2.759999990463257,2.75,2.3457531929016113
21-02-2020,2.75,2.75,0,2.75,2.75,2.3457531929016113
24-02-2020,2.569999933242798,2.5799999237060547,15400,2.5899999141693115,2.5899999141693115,2.209272623062134
25-02-2020,2.5199999809265137,2.549999952316284,17500,2.549999952316284,2.5399999618530273,2.1666226387023926
26-02-2020,2.559999942779541,2.559999942779541,600,2.559999942779541,2.559999942779541,2.183682918548584
27-02-2020,2.450000047683716,2.5199999809265137,5800,2.5199999809265137,2.450000047683716,2.089852809906006
28-02-2020,2.450000047683716,2.450000047683716,9800,2.5,2.5,2.132502794265747
02-03-2020,2.3399999141693115,2.3399999141693115,100,2.3399999141693115,2.3399999141693115,1.9960224628448489
03-03-2020,2.3399999141693115,2.3399999141693115,0,2.3399999141693115,2.3399999141693115,1.9960224628448489
04-03-2020,2.369999885559082,2.369999885559082,9700,2.369999885559082,2.369999885559082,2.0216124057769775
05-03-2020,2.25,2.2899999618530273,58200,2.299999952316284,2.25,1.9192525148391724
06-03-2020,2.2300000190734863,2.240000009536743,217000,2.240000009536743,2.2300000190734863,1.90219247341156
09-03-2020,1.950000047683716,2.049999952316284,46100,2.049999952316284,1.950000047683716,1.663352131843567
10-03-2020,1.9299999475479128,1.950000047683716,3200,1.950000047683716,1.9299999475479128,1.646291971206665
11-03-2020,1.919999957084656,1.9299999475479128,26200,1.9600000381469729,1.919999957084656,1.6377620697021484
12-03-2020,1.600000023841858,1.7999999523162842,922500,1.8200000524520872,1.600000023841858,1.3648017644882202
13-03-2020,1.649999976158142,1.7200000286102295,76300,1.7200000286102295,1.649999976158142,1.4074517488479614
16-03-2020,1.409999966621399,1.5,6000,1.5700000524520874,1.5,1.2795015573501587
17-03-2020,1.5099999904632568,1.559999942779541,790400,1.600000023841858,1.590000033378601,1.356271743774414
18-03-2020,1.4800000190734863,1.600000023841858,41200,1.600000023841858,1.4800000190734863,1.262441635131836
19-03-2020,1.4800000190734863,1.4800000190734863,0,1.4800000190734863,1.4800000190734863,1.262441635131836
20-03-2020,1.559999942779541,1.5800000429153442,1236300,1.649999976158142,1.649999976158142,1.4074517488479614
23-03-2020,1.559999942779541,1.5700000524520874,26900,1.5700000524520874,1.559999942779541,1.3306816816329956
24-03-2020,1.7100000381469729,1.7100000381469729,27600,1.7100000381469729,1.7100000381469729,1.458631992340088
25-03-2020,1.7599999904632568,1.7599999904632568,213900,1.7599999904632568,1.7599999904632568,1.501281976699829
26-03-2020,1.7200000286102295,1.7200000286102295,7000,1.7200000286102295,1.7200000286102295,1.467162013053894
27-03-2020,1.7300000190734863,1.7400000095367432,55200,1.7400000095367432,1.7400000095367432,1.4842218160629272
30-03-2020,1.6100000143051147,1.6100000143051147,720000,1.6100000143051147,1.6100000143051147,1.373331904411316
31-03-2020,1.5700000524520874,1.5700000524520874,100,1.5700000524520874,1.5700000524520874,1.3392118215560913
01-04-2020,1.559999942779541,1.600000023841858,126500,1.600000023841858,1.559999942779541,1.3306816816329956
02-04-2020,1.5,1.5700000524520874,19100,1.5700000524520874,1.5,1.2795015573501587
03-04-2020,1.4299999475479126,1.5099999904632568,1877000,1.5099999904632568,1.4299999475479126,1.2197915315628052
06-04-2020,1.600000023841858,1.600000023841858,200,1.600000023841858,1.600000023841858,1.3648017644882202
07-04-2020,1.590000033378601,1.590000033378601,2000,1.590000033378601,1.590000033378601,1.356271743774414
08-04-2020,1.600000023841858,1.600000023841858,89900,1.600000023841858,1.600000023841858,1.3648017644882202
09-04-2020,1.590000033378601,1.590000033378601,100,1.600000023841858,1.600000023841858,1.3648017644882202
13-04-2020,1.5700000524520874,1.5700000524520874,2000,1.6299999952316284,1.6299999952316284,1.390391826629639
14-04-2020,1.5399999618530271,1.5399999618530271,24800,1.5399999618530271,1.5399999618530271,1.3136216402053833
15-04-2020,1.4700000286102295,1.4700000286102295,12200,1.4700000286102295,1.4700000286102295,1.2539116144180298
16-04-2020,1.4500000476837158,1.5199999809265137,57400,1.5199999809265137,1.4600000381469729,1.2453815937042236
17-04-2020,1.5,1.5099999904632568,18800,1.5099999904632568,1.5,1.2795015573501587
20-04-2020,1.4600000381469729,1.4800000190734863,3200,1.4800000190734863,1.4600000381469729,1.2453815937042236
21-04-2020,1.399999976158142,1.4299999475479126,9300,1.4299999475479126,1.399999976158142,1.1942013502120972
22-04-2020,1.399999976158142,1.399999976158142,0,1.399999976158142,1.399999976158142,1.1942013502120972
23-04-2020,1.5,1.5,12100,1.5399999618530271,1.5399999618530271,1.3136216402053833
24-04-2020,1.4500000476837158,1.4500000476837158,4400,1.4900000095367432,1.4900000095367432,1.2709715366363523
27-04-2020,1.5099999904632568,1.5099999904632568,5200,1.5099999904632568,1.5099999904632568,1.2880315780639648
28-04-2020,1.5099999904632568,1.5099999904632568,0,1.5099999904632568,1.5099999904632568,1.2880315780639648
29-04-2020,1.5099999904632568,1.5099999904632568,0,1.5099999904632568,1.5099999904632568,1.2880315780639648
30-04-2020,1.5499999523162842,1.559999942779541,5300,1.559999942779541,1.5499999523162842,1.3221516609191897
01-05-2020,1.5499999523162842,1.5499999523162842,0,1.5499999523162842,1.5499999523162842,1.3221516609191897
04-05-2020,1.5399999618530271,1.5399999618530271,7100,1.5399999618530271,1.5399999618530271,1.3136216402053833
05-05-2020,1.5800000429153442,1.5800000429153442,500,1.5800000429153442,1.5800000429153442,1.347741723060608
06-05-2020,1.5299999713897705,1.5299999713897705,116000,1.5399999618530271,1.5399999618530271,1.3136216402053833
07-05-2020,1.5099999904632568,1.5099999904632568,11300,1.5099999904632568,1.5099999904632568,1.2880315780639648
08-05-2020,1.5299999713897705,1.5299999713897705,2900,1.5299999713897705,1.5299999713897705,1.3050916194915771
11-05-2020,1.5299999713897705,1.5299999713897705,0,1.5299999713897705,1.5299999713897705,1.3050916194915771
12-05-2020,1.5399999618530271,1.5499999523162842,10000,1.5499999523162842,1.5399999618530271,1.3136216402053833
13-05-2020,1.4900000095367432,1.5099999904632568,20200,1.5199999809265137,1.5099999904632568,1.2880315780639648
14-05-2020,1.4900000095367432,1.5,3400,1.5,1.4900000095367432,1.2709715366363523
15-05-2020,1.4800000190734863,1.4800000190734863,2400,1.4800000190734863,1.4800000190734863,1.262441635131836
18-05-2020,1.5800000429153442,1.5800000429153442,6300,1.6200000047683716,1.6200000047683716,1.381861925125122
19-05-2020,1.5800000429153442,1.5800000429153442,700,1.5800000429153442,1.5800000429153442,1.347741723060608
20-05-2020,1.5499999523162842,1.5700000524520874,6500,1.5700000524520874,1.5499999523162842,1.3221516609191897
21-05-2020,1.5499999523162842,1.5499999523162842,1700,1.5499999523162842,1.5499999523162842,1.3221516609191897
22-05-2020,1.5499999523162842,1.5499999523162842,202100,1.5499999523162842,1.5499999523162842,1.3221516609191897
26-05-2020,1.5499999523162842,1.5499999523162842,0,1.5499999523162842,1.5499999523162842,1.3221516609191897
27-05-2020,1.690000057220459,1.7100000381469729,28700,1.7100000381469729,1.690000057220459,1.441571831703186
28-05-2020,1.6799999475479126,1.7200000286102295,102000,1.7200000286102295,1.6799999475479126,1.4330416917800903
29-05-2020,1.6799999475479126,1.7300000190734863,49300,1.7300000190734863,1.6799999475479126,1.4330416917800903
01-06-2020,1.75,1.7899999618530271,163200,1.7899999618530271,1.75,1.492751955986023
02-06-2020,1.7899999618530271,1.7899999618530271,4100,1.7899999618530271,1.7899999618530271,1.5268718004226685
03-06-2020,1.850000023841858,1.850000023841858,12500,1.850000023841858,1.850000023841858,1.578052043914795
04-06-2020,1.899999976158142,1.940000057220459,235600,1.9600000381469729,1.899999976158142,1.6207021474838257
05-06-2020,1.9800000190734863,2.0,25200,2.0399999618530273,1.9800000190734863,1.6889421939849854
08-06-2020,2.059999942779541,2.059999942779541,126300,2.069999933242798,2.069999933242798,1.7657121419906616
09-06-2020,1.950000047683716,1.950000047683716,9000,1.950000047683716,1.950000047683716,1.663352131843567
10-06-2020,1.8899999856948853,1.9700000286102295,46200,1.9700000286102295,1.8899999856948853,1.6121721267700195
11-06-2020,1.8200000524520872,1.8200000524520872,23900,1.840000033378601,1.840000033378601,1.5695220232009888
12-06-2020,1.840000033378601,1.840000033378601,100,1.840000033378601,1.840000033378601,1.5695220232009888
15-06-2020,1.8200000524520872,1.830000042915344,4200,1.840000033378601,1.840000033378601,1.5695220232009888
16-06-2020,1.840000033378601,1.840000033378601,0,1.840000033378601,1.840000033378601,1.5695220232009888
17-06-2020,1.840000033378601,1.840000033378601,0,1.840000033378601,1.840000033378601,1.5695220232009888
18-06-2020,1.840000033378601,1.840000033378601,0,1.840000033378601,1.840000033378601,1.5695220232009888
19-06-2020,1.8799999952316284,1.8799999952316284,21200,1.8799999952316284,1.8799999952316284,1.6036419868469238
22-06-2020,1.8700000047683716,1.8899999856948853,7700,1.919999957084656,1.919999957084656,1.6377620697021484
23-06-2020,1.9299999475479128,1.9299999475479128,200,1.9299999475479128,1.9299999475479128,1.646291971206665
24-06-2020,1.830000042915344,1.830000042915344,5200,1.830000042915344,1.830000042915344,1.560991883277893
25-06-2020,1.8600000143051147,1.8799999952316284,5200,1.8799999952316284,1.8799999952316284,1.6036419868469238
26-06-2020,1.8200000524520872,1.850000023841858,13200,1.850000023841858,1.8200000524520872,1.552462100982666
29-06-2020,1.8200000524520872,1.8200000524520872,0,1.8200000524520872,1.8200000524520872,1.552462100982666
30-06-2020,1.8200000524520872,1.8200000524520872,0,1.8200000524520872,1.8200000524520872,1.552462100982666
01-07-2020,1.8700000047683716,1.8700000047683716,700,1.8700000047683716,1.8700000047683716,1.5951120853424072
02-07-2020,1.9800000190734863,1.9800000190734863,5900,1.9800000190734863,1.9800000190734863,1.6889421939849854
06-07-2020,2.0,2.049999952316284,17700,2.049999952316284,2.0,1.7060022354125977
07-07-2020,2.0199999809265137,2.0199999809265137,46100,2.0199999809265137,2.0199999809265137,1.7230620384216309
08-07-2020,2.0199999809265137,2.0199999809265137,0,2.0199999809265137,2.0199999809265137,1.7230620384216309
09-07-2020,2.0199999809265137,2.0199999809265137,0,2.0199999809265137,2.0199999809265137,1.7230620384216309
10-07-2020,2.0199999809265137,2.0199999809265137,0,2.0199999809265137,2.0199999809265137,1.7230620384216309
13-07-2020,2.0199999809265137,2.0199999809265137,0,2.0199999809265137,2.0199999809265137,1.7230620384216309
14-07-2020,2.0199999809265137,2.0199999809265137,800,2.0199999809265137,2.0199999809265137,1.7230620384216309
15-07-2020,2.0299999713897705,2.0299999713897705,15100,2.0399999618530273,2.0399999618530273,1.7401221990585327
16-07-2020,2.0299999713897705,2.0299999713897705,34200,2.0999999046325684,2.0399999618530273,1.7401221990585327
17-07-2020,2.069999933242798,2.0899999141693115,3100,2.0899999141693115,2.069999933242798,1.7657121419906616
20-07-2020,2.059999942779541,2.059999942779541,11600,2.059999942779541,2.059999942779541,1.7571821212768557
21-07-2020,2.059999942779541,2.059999942779541,0,2.059999942779541,2.059999942779541,1.7571821212768557
22-07-2020,2.119999885559082,2.119999885559082,1200,2.119999885559082,2.119999885559082,1.8083621263504028
23-07-2020,2.0999999046325684,2.130000114440918,40100,2.190000057220459,2.190000057220459,1.868072509765625
24-07-2020,2.0899999141693115,2.0899999141693115,2400,2.0899999141693115,2.0899999141693115,1.7827720642089844
27-07-2020,2.069999933242798,2.069999933242798,2700,2.180000066757202,2.180000066757202,1.8595423698425293
28-07-2020,2.180000066757202,2.180000066757202,0,2.180000066757202,2.180000066757202,1.8595423698425293
29-07-2020,2.180000066757202,2.180000066757202,0,2.180000066757202,2.180000066757202,1.8595423698425293
30-07-2020,2.180000066757202,2.180000066757202,0,2.180000066757202,2.180000066757202,1.8595423698425293
31-07-2020,2.0399999618530273,2.0399999618530273,1600,2.0399999618530273,2.0399999618530273,1.7401221990585327
03-08-2020,1.9800000190734863,1.9800000190734863,2400,1.9800000190734863,1.9800000190734863,1.6889421939849854
04-08-2020,2.0999999046325684,2.0999999046325684,0,2.0999999046325684,2.0999999046325684,1.79130220413208
05-08-2020,2.1500000953674316,2.1500000953674316,5600,2.1500000953674316,2.1500000953674316,1.8339524269104004
06-08-2020,2.1500000953674316,2.1500000953674316,0,2.1500000953674316,2.1500000953674316,1.8339524269104004
07-08-2020,2.1700000762939453,2.180000066757202,500,2.180000066757202,2.1700000762939453,1.8510124683380127
10-08-2020,2.0999999046325684,2.0999999046325684,8300,2.109999895095825,2.109999895095825,1.7998322248458862
11-08-2020,2.1700000762939453,2.1700000762939453,6900,2.1700000762939453,2.1700000762939453,1.8510124683380127
12-08-2020,2.1700000762939453,2.1700000762939453,0,2.1700000762939453,2.1700000762939453,1.8510124683380127
13-08-2020,2.1700000762939453,2.1700000762939453,0,2.1700000762939453,2.1700000762939453,1.8510124683380127
14-08-2020,2.1700000762939453,2.1700000762939453,0,2.1700000762939453,2.1700000762939453,1.8510124683380127
17-08-2020,2.1700000762939453,2.1700000762939453,0,2.1700000762939453,2.1700000762939453,1.8510124683380127
18-08-2020,2.1700000762939453,2.1700000762939453,100,2.1700000762939453,2.1700000762939453,1.8510124683380127
19-08-2020,2.140000104904175,2.1700000762939453,73300,2.1700000762939453,2.140000104904175,1.8254224061965945
20-08-2020,2.119999885559082,2.119999885559082,10800,2.119999885559082,2.119999885559082,1.8083621263504028
21-08-2020,2.109999895095825,2.109999895095825,900,2.109999895095825,2.109999895095825,1.7998322248458862
24-08-2020,2.109999895095825,2.109999895095825,0,2.109999895095825,2.109999895095825,1.7998322248458862
25-08-2020,2.1600000858306885,2.1600000858306885,39700,2.1600000858306885,2.1600000858306885,1.842482566833496
26-08-2020,2.1600000858306885,2.1600000858306885,0,2.1600000858306885,2.1600000858306885,1.842482566833496
27-08-2020,2.109999895095825,2.109999895095825,5400,2.109999895095825,2.109999895095825,1.7998322248458862
28-08-2020,2.109999895095825,2.109999895095825,0,2.109999895095825,2.109999895095825,1.7998322248458862
31-08-2020,2.1600000858306885,2.1600000858306885,5000,2.1600000858306885,2.1600000858306885,1.842482566833496
01-09-2020,2.1600000858306885,2.1600000858306885,0,2.1600000858306885,2.1600000858306885,1.842482566833496
02-09-2020,2.1600000858306885,2.1600000858306885,0,2.1600000858306885,2.1600000858306885,1.842482566833496
03-09-2020,2.1500000953674316,2.1500000953674316,2200,2.1500000953674316,2.1500000953674316,1.8339524269104004
04-09-2020,2.0199999809265137,2.059999942779541,3900,2.059999942779541,2.0199999809265137,1.7230620384216309
08-09-2020,2.049999952316284,2.049999952316284,4100,2.0799999237060547,2.0799999237060547,1.7742421627044678
09-09-2020,2.059999942779541,2.059999942779541,1000,2.059999942779541,2.059999942779541,1.7571821212768557
10-09-2020,2.059999942779541,2.1700000762939453,6800,2.1700000762939453,2.059999942779541,1.7571821212768557
11-09-2020,2.1700000762939453,2.1700000762939453,500,2.1700000762939453,2.1700000762939453,1.8510124683380127
14-09-2020,2.1700000762939453,2.1700000762939453,0,2.1700000762939453,2.1700000762939453,1.8510124683380127
15-09-2020,2.1700000762939453,2.1700000762939453,0,2.1700000762939453,2.1700000762939453,1.8510124683380127
16-09-2020,2.059999942779541,2.1500000953674316,5200,2.1500000953674316,2.0799999237060547,1.7742421627044678
17-09-2020,2.0799999237060547,2.0799999237060547,0,2.0799999237060547,2.0799999237060547,1.7742421627044678
18-09-2020,2.0,2.0,173800,2.0,2.0,1.7060022354125977
21-09-2020,2.0,2.0,0,2.0,2.0,1.7060022354125977
22-09-2020,2.0,2.0,0,2.0,2.0,1.7060022354125977
23-09-2020,2.0,2.0,0,2.0,2.0,1.7060022354125977
24-09-2020,1.840000033378601,1.850000023841858,239000,1.8799999952316284,1.8799999952316284,1.6036419868469238
25-09-2020,1.7899999618530271,1.7899999618530271,126100,1.830000042915344,1.809999942779541,1.5439319610595703
28-09-2020,1.809999942779541,1.809999942779541,0,1.809999942779541,1.809999942779541,1.5439319610595703
29-09-2020,1.809999942779541,1.809999942779541,0,1.809999942779541,1.809999942779541,1.5439319610595703
30-09-2020,1.8799999952316284,1.8899999856948853,31900,1.8899999856948853,1.8799999952316284,1.6036419868469238
01-10-2020,1.850000023841858,1.8600000143051147,2500,1.8600000143051147,1.850000023841858,1.578052043914795
02-10-2020,1.840000033378601,1.8700000047683716,5000,1.8700000047683716,1.840000033378601,1.5695220232009888
05-10-2020,1.840000033378601,1.840000033378601,0,1.840000033378601,1.840000033378601,1.5695220232009888
06-10-2020,1.940000057220459,1.9600000381469729,28900,1.9700000286102295,1.9700000286102295,1.6804120540618896
07-10-2020,1.919999957084656,1.9800000190734863,16200,1.9800000190734863,1.919999957084656,1.6377620697021484
08-10-2020,1.919999957084656,1.919999957084656,0,1.919999957084656,1.919999957084656,1.6377620697021484
09-10-2020,2.009999990463257,2.009999990463257,2200,2.009999990463257,2.009999990463257,1.7145321369171145
12-10-2020,2.009999990463257,2.009999990463257,0,2.009999990463257,2.009999990463257,1.7145321369171145
13-10-2020,2.009999990463257,2.009999990463257,0,2.009999990463257,2.009999990463257,1.7145321369171145
14-10-2020,1.8899999856948853,1.8899999856948853,900,1.8899999856948853,1.8899999856948853,1.6121721267700195
15-10-2020,1.8899999856948853,1.8899999856948853,0,1.8899999856948853,1.8899999856948853,1.6121721267700195
16-10-2020,1.8899999856948853,1.8899999856948853,0,1.8899999856948853,1.8899999856948853,1.6121721267700195
19-10-2020,1.8899999856948853,1.8899999856948853,0,1.8899999856948853,1.8899999856948853,1.6121721267700195
20-10-2020,1.8899999856948853,1.8899999856948853,0,1.8899999856948853,1.8899999856948853,1.6121721267700195
21-10-2020,1.8200000524520872,1.840000033378601,5000,1.840000033378601,1.8200000524520872,1.552462100982666
22-10-2020,1.8200000524520872,1.8200000524520872,1800,1.8200000524520872,1.8200000524520872,1.552462100982666
23-10-2020,1.830000042915344,1.840000033378601,3100,1.840000033378601,1.830000042915344,1.560991883277893
26-10-2020,1.809999942779541,1.830000042915344,3200,1.830000042915344,1.809999942779541,1.5439319610595703
27-10-2020,1.7999999523162842,1.7999999523162842,200,1.7999999523162842,1.7999999523162842,1.5354019403457642
28-10-2020,1.6699999570846558,1.6699999570846558,2200,1.6699999570846558,1.6699999570846558,1.4245117902755735
29-10-2020,1.6299999952316284,1.649999976158142,84800,1.649999976158142,1.6299999952316284,1.390391826629639
30-10-2020,1.6399999856948853,1.6399999856948853,345900,1.649999976158142,1.649999976158142,1.4074517488479614
02-11-2020,1.7200000286102295,1.7200000286102295,72000,1.7400000095367432,1.7300000190734863,1.4756919145584106
03-11-2020,1.7999999523162842,1.7999999523162842,1600,1.7999999523162842,1.7999999523162842,1.5354019403457642
04-11-2020,1.8600000143051147,1.8700000047683716,7000,1.8700000047683716,1.8600000143051147,1.586582064628601
05-11-2020,1.909999966621399,1.9299999475479128,236000,1.9299999475479128,1.909999966621399,1.6292321681976318
06-11-2020,1.909999966621399,1.940000057220459,18200,1.940000057220459,1.909999966621399,1.6292321681976318
09-11-2020,2.0799999237060547,2.0799999237060547,2500,2.0799999237060547,2.0799999237060547,1.7742421627044678
10-11-2020,2.180000066757202,2.180000066757202,1900,2.180000066757202,2.180000066757202,1.8595423698425293
11-11-2020,2.130000114440918,2.130000114440918,211900,2.1500000953674316,2.1500000953674316,1.8339524269104004
12-11-2020,2.0899999141693115,2.109999895095825,967600,2.140000104904175,2.130000114440918,1.816892385482788
13-11-2020,2.140000104904175,2.180000066757202,194800,2.180000066757202,2.1500000953674316,1.8339524269104004
16-11-2020,2.1700000762939453,2.2100000381469727,27400,2.2100000381469727,2.1700000762939453,1.8510124683380127
17-11-2020,2.2300000190734863,2.2300000190734863,1800,2.2300000190734863,2.2300000190734863,1.90219247341156
18-11-2020,2.2200000286102295,2.2200000286102295,54800,2.2200000286102295,2.2200000286102295,1.893662452697754
19-11-2020,2.200000047683716,2.25,82100,2.25,2.200000047683716,1.8766025304794312
20-11-2020,2.200000047683716,2.200000047683716,0,2.200000047683716,2.200000047683716,1.8766025304794312
23-11-2020,2.200000047683716,2.200000047683716,0,2.200000047683716,2.200000047683716,1.8766025304794312
24-11-2020,2.2799999713897705,2.2799999713897705,800,2.2799999713897705,2.2799999713897705,1.9448426961898804
25-11-2020,2.309999942779541,2.309999942779541,700,2.309999942779541,2.309999942779541,1.9704326391220093
27-11-2020,2.319999933242798,2.319999933242798,500,2.319999933242798,2.319999933242798,1.9789624214172363
30-11-2020,2.319999933242798,2.319999933242798,0,2.319999933242798,2.319999933242798,1.9789624214172363
01-12-2020,2.3499999046325684,2.390000104904175,2656600,2.390000104904175,2.369999885559082,2.0216124057769775
02-12-2020,2.390000104904175,2.390000104904175,1300,2.390000104904175,2.390000104904175,2.038672685623169
03-12-2020,2.390000104904175,2.390000104904175,364200,2.4000000953674316,2.4000000953674316,2.0472025871276855
04-12-2020,2.4200000762939453,2.4600000381469727,118900,2.4600000381469727,2.4200000762939453,2.064262628555298
07-12-2020,2.3499999046325684,2.390000104904175,8900,2.430000066757202,2.3499999046325684,2.0045523643493652
08-12-2020,2.369999885559082,2.369999885559082,15200,2.369999885559082,2.369999885559082,2.0216124057769775
09-12-2020,2.369999885559082,2.4000000953674316,1400,2.4000000953674316,2.369999885559082,2.0216124057769775
10-12-2020,2.369999885559082,2.369999885559082,6700,2.4000000953674316,2.380000114440918,2.030143022537231
11-12-2020,2.319999933242798,2.369999885559082,25800,2.390000104904175,2.319999933242798,1.9789624214172363
14-12-2020,2.390000104904175,2.390000104904175,8300,2.4000000953674316,2.4000000953674316,2.0472025871276855
15-12-2020,2.3499999046325684,2.359999895095825,7700,2.359999895095825,2.3499999046325684,2.0045523643493652
16-12-2020,2.359999895095825,2.390000104904175,400,2.390000104904175,2.359999895095825,2.013082504272461
17-12-2020,2.359999895095825,2.359999895095825,0,2.359999895095825,2.359999895095825,2.013082504272461
18-12-2020,2.359999895095825,2.369999885559082,12900,2.369999885559082,2.359999895095825,2.013082504272461
21-12-2020,2.259999990463257,2.259999990463257,1600,2.259999990463257,2.259999990463257,1.927782416343689
22-12-2020,2.3299999237060547,2.3299999237060547,500,2.3299999237060547,2.3299999237060547,1.987492322921753
23-12-2020,2.369999885559082,2.369999885559082,2400,2.369999885559082,2.369999885559082,2.0216124057769775
24-12-2020,2.369999885559082,2.369999885559082,0,2.369999885559082,2.369999885559082,2.0216124057769775
28-12-2020,2.309999942779541,2.3399999141693115,18000,2.4000000953674316,2.3299999237060547,1.987492322921753
29-12-2020,2.3299999237060547,2.3299999237060547,500,2.3299999237060547,2.3299999237060547,1.987492322921753
30-12-2020,2.309999942779541,2.3499999046325684,37500,2.359999895095825,2.359999895095825,2.013082504272461
31-12-2020,2.4200000762939453,2.4200000762939453,5200,2.4200000762939453,2.4200000762939453,2.064262628555298
04-01-2021,2.319999933242798,2.3299999237060547,1500,2.3299999237060547,2.319999933242798,1.9789624214172363
05-01-2021,2.319999933242798,2.319999933242798,0,2.319999933242798,2.319999933242798,1.9789624214172363
06-01-2021,2.319999933242798,2.319999933242798,0,2.319999933242798,2.319999933242798,1.9789624214172363
07-01-2021,2.4200000762939453,2.4200000762939453,30400,2.450000047683716,2.450000047683716,2.089852809906006
08-01-2021,2.390000104904175,2.440000057220459,120900,2.440000057220459,2.390000104904175,2.038672685623169
11-01-2021,2.3399999141693115,2.369999885559082,6800,2.369999885559082,2.3399999141693115,1.9960224628448489
12-01-2021,2.3399999141693115,2.3399999141693115,0,2.3399999141693115,2.3399999141693115,1.9960224628448489
13-01-2021,2.3399999141693115,2.3399999141693115,0,2.3399999141693115,2.3399999141693115,1.9960224628448489
14-01-2021,2.2899999618530273,2.369999885559082,27200,2.369999885559082,2.2899999618530273,1.953372597694397
15-01-2021,2.319999933242798,2.3299999237060547,10900,2.3299999237060547,2.319999933242798,1.9789624214172363
19-01-2021,2.2899999618530273,2.3499999046325684,13900,2.359999895095825,2.2899999618530273,1.953372597694397
20-01-2021,2.3499999046325684,2.3499999046325684,1600,2.3499999046325684,2.3499999046325684,2.0045523643493652
21-01-2021,2.369999885559082,2.369999885559082,3000,2.369999885559082,2.369999885559082,2.0216124057769775
22-01-2021,2.369999885559082,2.369999885559082,0,2.369999885559082,2.369999885559082,2.0216124057769775
25-01-2021,2.180000066757202,2.2300000190734863,4300,2.2300000190734863,2.2200000286102295,1.893662452697754
26-01-2021,2.259999990463257,2.2699999809265137,5800,2.2699999809265137,2.259999990463257,1.927782416343689
27-01-2021,2.200000047683716,2.200000047683716,600,2.200000047683716,2.200000047683716,1.8766025304794312
28-01-2021,2.200000047683716,2.200000047683716,0,2.200000047683716,2.200000047683716,1.8766025304794312
29-01-2021,2.190000057220459,2.190000057220459,2200,2.190000057220459,2.190000057220459,1.868072509765625
01-02-2021,2.259999990463257,2.259999990463257,3500,2.259999990463257,2.259999990463257,1.927782416343689
02-02-2021,2.2100000381469727,2.2899999618530273,27000,2.309999942779541,2.2100000381469727,1.8851325511932373
03-02-2021,2.299999952316284,2.299999952316284,1000,2.299999952316284,2.299999952316284,1.9619024991989136
04-02-2021,2.4100000858306885,2.4200000762939453,318400,2.4600000381469727,2.4600000381469727,2.0983827114105225
05-02-2021,2.4600000381469727,2.4600000381469727,152400,2.5,2.5,2.132502794265747
08-02-2021,2.5,2.5,7300,2.5,2.5,2.132502794265747
09-02-2021,2.5199999809265137,2.549999952316284,5100,2.549999952316284,2.5399999618530273,2.1666226387023926
10-02-2021,2.5299999713897705,2.549999952316284,6900,2.559999942779541,2.5299999713897705,2.158092498779297
11-02-2021,2.5299999713897705,2.5399999618530273,2000,2.5399999618530273,2.5299999713897705,2.158092498779297
12-02-2021,2.5,2.549999952316284,9300,2.5999999046325684,2.5999999046325684,2.2178025245666504
16-02-2021,2.5,2.5999999046325684,22600,2.5999999046325684,2.5,2.132502794265747
17-02-2021,2.569999933242798,2.569999933242798,3500,2.569999933242798,2.569999933242798,2.1922128200531006
18-02-2021,2.509999990463257,2.5199999809265137,18400,2.559999942779541,2.509999990463257,2.1410326957702637
19-02-2021,2.5999999046325684,2.619999885559082,3200,2.619999885559082,2.5999999046325684,2.2178025245666504
22-02-2021,2.509999990463257,2.509999990463257,19100,2.609999895095825,2.609999895095825,2.226332664489746
23-02-2021,2.5799999237060547,2.5799999237060547,33000,2.5799999237060547,2.5799999237060547,2.200742483139038
24-02-2021,2.5799999237060547,2.630000114440918,50500,2.630000114440918,2.5999999046325684,2.2178025245666504
25-02-2021,2.609999895095825,2.640000104904175,7000,2.640000104904175,2.619999885559082,2.2348625659942627
26-02-2021,2.5899999141693115,2.5999999046325684,11700,2.630000114440918,2.5899999141693115,2.209272623062134
01-03-2021,2.559999942779541,2.6500000953674316,4900,2.6500000953674316,2.559999942779541,2.183682918548584
02-03-2021,2.609999895095825,2.609999895095825,700,2.609999895095825,2.609999895095825,2.226332664489746
03-03-2021,2.609999895095825,2.609999895095825,0,2.609999895095825,2.609999895095825,2.226332664489746
04-03-2021,2.6600000858306885,2.6600000858306885,300,2.6600000858306885,2.6600000858306885,2.2689831256866455
05-03-2021,2.6700000762939453,2.680000066757202,800,2.680000066757202,2.6700000762939453,2.277513027191162
08-03-2021,2.6700000762939453,2.6700000762939453,0,2.6700000762939453,2.6700000762939453,2.277513027191162
09-03-2021,2.6700000762939453,2.6700000762939453,0,2.6700000762939453,2.6700000762939453,2.277513027191162
10-03-2021,2.6700000762939453,2.6700000762939453,0,2.6700000762939453,2.6700000762939453,2.277513027191162
11-03-2021,2.6500000953674316,2.700000047683716,81900,2.7100000381469727,2.6500000953674316,2.26045298576355
12-03-2021,2.6600000858306885,2.6700000762939453,500,2.7200000286102295,2.7200000286102295,2.3201630115509033
15-03-2021,2.7200000286102295,2.7200000286102295,0,2.7200000286102295,2.7200000286102295,2.3201630115509033
16-03-2021,2.7200000286102295,2.7200000286102295,100,2.7200000286102295,2.7200000286102295,2.3201630115509033
17-03-2021,2.7300000190734863,2.759999990463257,18800,2.759999990463257,2.7300000190734863,2.32869291305542
18-03-2021,2.740000009536743,2.740000009536743,500,2.740000009536743,2.740000009536743,2.3372230529785156
19-03-2021,2.8299999237060547,2.8299999237060547,1100,2.8299999237060547,2.8299999237060547,2.4139928817749023
22-03-2021,2.75,2.799999952316284,132700,2.799999952316284,2.75,2.3457531929016113
23-03-2021,2.7300000190734863,2.7300000190734863,5300,2.7699999809265137,2.7699999809265137,2.3628132343292236
24-03-2021,2.7799999713897705,2.7799999713897705,4300,2.7799999713897705,2.7799999713897705,2.371342897415161
25-03-2021,2.7799999713897705,2.7799999713897705,0,2.7799999713897705,2.7799999713897705,2.371342897415161
26-03-2021,2.7200000286102295,2.7200000286102295,240100,2.7200000286102295,2.7200000286102295,2.3201630115509033
29-03-2021,2.6500000953674316,2.700000047683716,55000,2.700000047683716,2.6500000953674316,2.26045298576355
30-03-2021,2.6500000953674316,2.6500000953674316,0,2.6500000953674316,2.6500000953674316,2.26045298576355
31-03-2021,2.6500000953674316,2.7300000190734863,23300,2.7300000190734863,2.7300000190734863,2.32869291305542
01-04-2021,2.7300000190734863,2.7300000190734863,600,2.7300000190734863,2.7300000190734863,2.32869291305542
05-04-2021,2.7300000190734863,2.7300000190734863,0,2.7300000190734863,2.7300000190734863,2.32869291305542
06-04-2021,2.7100000381469727,2.75,56800,2.7799999713897705,2.7100000381469727,2.3116328716278076
07-04-2021,2.7300000190734863,2.7300000190734863,700100,2.799999952316284,2.7300000190734863,2.32869291305542
08-04-2021,2.6600000858306885,2.6600000858306885,5100,2.6600000858306885,2.6600000858306885,2.2689831256866455
09-04-2021,2.6600000858306885,2.6600000858306885,0,2.6600000858306885,2.6600000858306885,2.2689831256866455
12-04-2021,2.690000057220459,2.7100000381469727,120200,2.7100000381469727,2.690000057220459,2.2945728302001953
13-04-2021,2.6600000858306885,2.700000047683716,33500,2.700000047683716,2.6600000858306885,2.2689831256866455
14-04-2021,2.6700000762939453,2.7300000190734863,1600,2.7300000190734863,2.6700000762939453,2.277513027191162
15-04-2021,2.7300000190734863,2.740000009536743,700,2.740000009536743,2.7300000190734863,2.32869291305542
16-04-2021,2.7699999809265137,2.7699999809265137,48000,2.7699999809265137,2.7699999809265137,2.3628132343292236
19-04-2021,2.8299999237060547,2.8299999237060547,300,2.8299999237060547,2.8299999237060547,2.4139928817749023
20-04-2021,2.8299999237060547,2.8299999237060547,0,2.8299999237060547,2.8299999237060547,2.4139928817749023
21-04-2021,2.700000047683716,2.700000047683716,10000,2.700000047683716,2.700000047683716,2.303102970123291
22-04-2021,2.7200000286102295,2.7200000286102295,300,2.7200000286102295,2.7200000286102295,2.3201630115509033
23-04-2021,2.6700000762939453,2.6700000762939453,29600,2.7300000190734863,2.7300000190734863,2.32869291305542
26-04-2021,2.759999990463257,2.759999990463257,5800,2.809999942779541,2.809999942779541,2.39693284034729
27-04-2021,2.809999942779541,2.809999942779541,0,2.809999942779541,2.809999942779541,2.39693284034729
28-04-2021,2.7100000381469727,2.8399999141693115,24100,2.8399999141693115,2.8399999141693115,2.422523021697998
29-04-2021,2.8399999141693115,2.8399999141693115,0,2.8399999141693115,2.8399999141693115,2.422523021697998
30-04-2021,2.8399999141693115,2.8399999141693115,2300,2.8399999141693115,2.8399999141693115,2.422523021697998
03-05-2021,2.8399999141693115,2.8399999141693115,800,2.8399999141693115,2.8399999141693115,2.422523021697998
04-05-2021,2.8299999237060547,2.8399999141693115,700,2.8399999141693115,2.8299999237060547,2.4139928817749023
05-05-2021,2.75,2.7899999618530273,28900,2.869999885559082,2.869999885559082,2.448112964630127
06-05-2021,2.799999952316284,2.8399999141693115,1000,2.8399999141693115,2.799999952316284,2.3884027004241943
07-05-2021,2.869999885559082,2.869999885559082,500,2.869999885559082,2.869999885559082,2.448112964630127
10-05-2021,2.869999885559082,2.869999885559082,0,2.869999885559082,2.869999885559082,2.448112964630127
11-05-2021,2.950000047683716,2.950000047683716,7900,2.950000047683716,2.950000047683716,2.5163533687591553
12-05-2021,2.950000047683716,2.950000047683716,0,2.950000047683716,2.950000047683716,2.5163533687591553
13-05-2021,2.950000047683716,2.950000047683716,0,2.950000047683716,2.950000047683716,2.5163533687591553
14-05-2021,2.8499999046325684,2.8499999046325684,300,2.8499999046325684,2.8499999046325684,2.431052923202514
17-05-2021,2.880000114440918,2.930000066757202,3700,2.930000066757202,2.880000114440918,2.4566431045532227
18-05-2021,2.930000066757202,3.0999999046325684,5700,3.0999999046325684,2.930000066757202,2.499293088912964
19-05-2021,2.930000066757202,2.930000066757202,0,2.930000066757202,2.930000066757202,2.499293088912964
20-05-2021,2.880000114440918,2.880000114440918,2400,2.880000114440918,2.880000114440918,2.4566431045532227
21-05-2021,2.890000104904175,2.890000104904175,500,2.890000104904175,2.890000104904175,2.4651730060577393
24-05-2021,2.9000000953674316,2.9000000953674316,13900,2.9000000953674316,2.9000000953674316,2.5110650062561035
25-05-2021,2.859999895095825,2.890000104904175,4500,2.9100000858306885,2.9100000858306885,2.519723653793335
26-05-2021,2.890000104904175,2.890000104904175,7200,2.890000104904175,2.890000104904175,2.502406120300293
27-05-2021,2.9000000953674316,2.930000066757202,3900,2.930000066757202,2.9000000953674316,2.5110650062561035
28-05-2021,2.930000066757202,2.930000066757202,7500,2.9600000381469727,2.9600000381469727,2.5630178451538086
01-06-2021,2.9700000286102295,2.9700000286102295,40600,3.009999990463257,3.009999990463257,2.6063122749328613
02-06-2021,3.009999990463257,3.009999990463257,0,3.009999990463257,3.009999990463257,2.6063122749328613
03-06-2021,3.009999990463257,3.009999990463257,300,3.009999990463257,3.009999990463257,2.6063122749328613
04-06-2021,3.0299999713897705,3.0299999713897705,43500,3.0299999713897705,3.0299999713897705,2.6236298084259033
07-06-2021,3.0,3.0999999046325684,92900,3.0999999046325684,3.0399999618530273,2.632288694381714
08-06-2021,2.990000009536743,2.990000009536743,1400,2.990000009536743,2.990000009536743,2.58899450302124
09-06-2021,2.9600000381469727,2.9600000381469727,500,2.9600000381469727,2.9600000381469727,2.5630178451538086
10-06-2021,2.9600000381469727,2.9600000381469727,0,2.9600000381469727,2.9600000381469727,2.5630178451538086
11-06-2021,2.9600000381469727,2.9600000381469727,0,2.9600000381469727,2.9600000381469727,2.5630178451538086
14-06-2021,2.990000009536743,2.990000009536743,4800,2.990000009536743,2.990000009536743,2.58899450302124
15-06-2021,2.930000066757202,2.990000009536743,3100,2.990000009536743,2.9700000286102295,2.5716769695281982
16-06-2021,2.9000000953674316,2.950000047683716,10800,2.950000047683716,2.930000066757202,2.537041425704956
17-06-2021,2.940000057220459,2.940000057220459,200,2.940000057220459,2.940000057220459,2.5457003116607666
18-06-2021,2.7899999618530273,2.7899999618530273,10400,2.8399999141693115,2.8399999141693115,2.4591119289398193
21-06-2021,2.7699999809265137,2.7699999809265137,500,2.7699999809265137,2.7699999809265137,2.3984999656677246
22-06-2021,2.819999933242798,2.819999933242798,2400,2.819999933242798,2.819999933242798,2.441793918609619
23-06-2021,2.759999990463257,2.759999990463257,600,2.759999990463257,2.759999990463257,2.389841079711914
24-06-2021,2.8299999237060547,2.8299999237060547,600,2.8299999237060547,2.8299999237060547,2.4504528045654297
25-06-2021,2.859999895095825,2.869999885559082,25500,2.869999885559082,2.859999895095825,2.4764294624328613
28-06-2021,2.7899999618530273,2.7899999618530273,5600,2.819999933242798,2.819999933242798,2.441793918609619
29-06-2021,2.8299999237060547,2.8299999237060547,42500,2.8299999237060547,2.8299999237060547,2.4504528045654297
30-06-2021,2.8299999237060547,2.8299999237060547,0,2.8299999237060547,2.8299999237060547,2.4504528045654297
01-07-2021,2.7799999713897705,2.7799999713897705,1000,2.7799999713897705,2.7799999713897705,2.407158613204956
02-07-2021,2.7699999809265137,2.809999942779541,268800,2.809999942779541,2.809999942779541,2.4331352710723877
06-07-2021,2.809999942779541,2.809999942779541,0,2.809999942779541,2.809999942779541,2.4331352710723877
07-07-2021,2.75,2.75,3000,2.75,2.75,2.3811824321746826
08-07-2021,2.6500000953674316,2.6500000953674316,500,2.6500000953674316,2.6500000953674316,2.294593811035156
09-07-2021,2.690000057220459,2.740000009536743,211700,2.740000009536743,2.7300000190734863,2.3638644218444824
12-07-2021,2.7200000286102295,2.759999990463257,4500,2.759999990463257,2.7300000190734863,2.3638644218444824
13-07-2021,2.690000057220459,2.740000009536743,601400,2.740000009536743,2.690000057220459,2.3292291164398193
14-07-2021,2.740000009536743,2.740000009536743,3000,2.740000009536743,2.740000009536743,2.372523307800293
15-07-2021,2.630000114440918,2.6700000762939453,12600,2.6700000762939453,2.630000114440918,2.2772762775421143
16-07-2021,2.630000114440918,2.6600000858306885,800,2.6600000858306885,2.630000114440918,2.2772762775421143
19-07-2021,2.5,2.5299999713897705,6100,2.5299999713897705,2.5,2.1647112369537354
20-07-2021,2.5,2.5,0,2.5,2.5,2.1647112369537354
21-07-2021,2.640000104904175,2.640000104904175,400,2.640000104904175,2.640000104904175,2.2859349250793457
22-07-2021,2.680000066757202,2.680000066757202,200,2.680000066757202,2.680000066757202,2.320570468902588
23-07-2021,2.680000066757202,2.7100000381469727,17400,2.7200000286102295,2.7200000286102295,2.355205774307251
26-07-2021,2.75,2.75,6600,2.799999952316284,2.7699999809265137,2.3984999656677246
27-07-2021,2.7699999809265137,2.7699999809265137,0,2.7699999809265137,2.7699999809265137,2.3984999656677246
28-07-2021,2.75,2.75,400,2.75,2.75,2.3811824321746826
29-07-2021,2.75,2.75,8500,2.75,2.75,2.3811824321746826
30-07-2021,2.7799999713897705,2.7799999713897705,16100,2.7799999713897705,2.7799999713897705,2.407158613204956
02-08-2021,2.7799999713897705,2.7799999713897705,0,2.7799999713897705,2.7799999713897705,2.407158613204956
03-08-2021,2.7799999713897705,2.7799999713897705,0,2.7799999713897705,2.7799999713897705,2.407158613204956
04-08-2021,2.7799999713897705,2.7799999713897705,0,2.7799999713897705,2.7799999713897705,2.407158613204956
05-08-2021,2.7799999713897705,2.7799999713897705,0,2.7799999713897705,2.7799999713897705,2.407158613204956
06-08-2021,2.809999942779541,2.809999942779541,16900,2.8299999237060547,2.8299999237060547,2.4504528045654297
09-08-2021,2.8299999237060547,2.8299999237060547,0,2.8299999237060547,2.8299999237060547,2.4504528045654297
10-08-2021,2.8499999046325684,2.8499999046325684,3600,2.8499999046325684,2.8499999046325684,2.467770576477051
11-08-2021,2.8499999046325684,2.8499999046325684,5400,2.9200000762939453,2.9200000762939453,2.5283825397491455
12-08-2021,2.890000104904175,2.890000104904175,4900,2.890000104904175,2.890000104904175,2.502406120300293
13-08-2021,2.890000104904175,2.890000104904175,16000,2.890000104904175,2.890000104904175,2.502406120300293
16-08-2021,2.8399999141693115,2.869999885559082,10000,2.890000104904175,2.890000104904175,2.502406120300293
17-08-2021,2.8299999237060547,2.8299999237060547,200,2.8299999237060547,2.8299999237060547,2.4504528045654297
18-08-2021,2.8299999237060547,2.8299999237060547,40000,2.8299999237060547,2.8299999237060547,2.4504528045654297
19-08-2021,2.8299999237060547,2.8299999237060547,0,2.8299999237060547,2.8299999237060547,2.4504528045654297
20-08-2021,2.7200000286102295,2.740000009536743,9000,2.740000009536743,2.7200000286102295,2.355205774307251
23-08-2021,2.799999952316284,2.799999952316284,600,2.799999952316284,2.799999952316284,2.424476385116577
24-08-2021,2.7899999618530273,2.7899999618530273,16600,2.799999952316284,2.7899999618530273,2.4158174991607666
25-08-2021,2.7899999618530273,2.7899999618530273,1300,2.7899999618530273,2.7899999618530273,2.4158174991607666
26-08-2021,2.7899999618530273,2.7899999618530273,0,2.7899999618530273,2.7899999618530273,2.4158174991607666
27-08-2021,2.799999952316284,2.799999952316284,130900,2.799999952316284,2.799999952316284,2.424476385116577
30-08-2021,2.7799999713897705,2.7799999713897705,100,2.7799999713897705,2.7799999713897705,2.407158613204956
31-08-2021,2.7799999713897705,2.7799999713897705,3100,2.7799999713897705,2.7799999713897705,2.407158613204956
01-09-2021,2.7799999713897705,2.7799999713897705,1303300,2.7799999713897705,2.7799999713897705,2.407158613204956
02-09-2021,2.890000104904175,2.890000104904175,3500,2.890000104904175,2.890000104904175,2.502406120300293
03-09-2021,2.869999885559082,2.869999885559082,2600,2.869999885559082,2.869999885559082,2.4850881099700928
07-09-2021,2.869999885559082,2.869999885559082,0,2.869999885559082,2.869999885559082,2.4850881099700928
08-09-2021,2.869999885559082,2.869999885559082,0,2.869999885559082,2.869999885559082,2.4850881099700928
09-09-2021,2.869999885559082,2.869999885559082,0,2.869999885559082,2.869999885559082,2.4850881099700928
10-09-2021,2.7699999809265137,2.7699999809265137,20800,2.7699999809265137,2.7699999809265137,2.3984999656677246
13-09-2021,2.8299999237060547,2.8299999237060547,200,2.8299999237060547,2.8299999237060547,2.4504528045654297
14-09-2021,2.8399999141693115,2.8399999141693115,3300,2.8399999141693115,2.8399999141693115,2.4591119289398193
15-09-2021,2.8399999141693115,2.8399999141693115,300,2.8399999141693115,2.8399999141693115,2.4591119289398193
16-09-2021,2.809999942779541,2.809999942779541,2300,2.809999942779541,2.809999942779541,2.4331352710723877
17-09-2021,2.7899999618530273,2.7899999618530273,16100,2.7899999618530273,2.7899999618530273,2.4158174991607666
20-09-2021,2.7899999618530273,2.7899999618530273,0,2.7899999618530273,2.7899999618530273,2.4158174991607666
21-09-2021,2.759999990463257,2.759999990463257,47100,2.759999990463257,2.759999990463257,2.389841079711914
22-09-2021,2.7899999618530273,2.7899999618530273,11000,2.7899999618530273,2.7899999618530273,2.4158174991607666
23-09-2021,2.859999895095825,2.859999895095825,31600,2.859999895095825,2.859999895095825,2.4764294624328613
24-09-2021,2.8499999046325684,2.8499999046325684,102000,2.8499999046325684,2.8499999046325684,2.467770576477051
27-09-2021,2.890000104904175,2.890000104904175,2100,2.890000104904175,2.890000104904175,2.502406120300293
28-09-2021,2.859999895095825,2.859999895095825,6000,2.869999885559082,2.869999885559082,2.4850881099700928
29-09-2021,2.819999933242798,2.819999933242798,42000,2.880000114440918,2.869999885559082,2.4850881099700928
30-09-2021,2.8399999141693115,2.8499999046325684,628600,2.859999895095825,2.8399999141693115,2.4591119289398193
01-10-2021,2.809999942779541,2.819999933242798,61600,2.859999895095825,2.859999895095825,2.4764294624328613
04-10-2021,2.7899999618530273,2.809999942779541,267600,2.8499999046325684,2.7899999618530273,2.4158174991607666
05-10-2021,2.7899999618530273,2.7899999618530273,0,2.7899999618530273,2.7899999618530273,2.4158174991607666
06-10-2021,2.869999885559082,2.869999885559082,8800,2.880000114440918,2.880000114440918,2.4937474727630615
07-10-2021,2.869999885559082,2.869999885559082,10900,2.869999885559082,2.869999885559082,2.4850881099700928
08-10-2021,2.869999885559082,2.869999885559082,0,2.869999885559082,2.869999885559082,2.4850881099700928
11-10-2021,2.869999885559082,2.869999885559082,0,2.869999885559082,2.869999885559082,2.4850881099700928
12-10-2021,2.869999885559082,2.869999885559082,28000,2.9200000762939453,2.9200000762939453,2.5283825397491455
13-10-2021,2.890000104904175,2.890000104904175,12000,2.930000066757202,2.930000066757202,2.537041425704956
14-10-2021,2.930000066757202,2.940000057220459,8100,2.940000057220459,2.930000066757202,2.537041425704956
15-10-2021,2.9700000286102295,2.9700000286102295,53000,3.0,3.0,2.5976531505584717
18-10-2021,3.0,3.0,0,3.0,3.0,2.7021358013153076
19-10-2021,2.8399999141693115,2.859999895095825,51000,2.869999885559082,2.869999885559082,2.58504319190979
20-10-2021,2.869999885559082,2.869999885559082,5200,2.890000104904175,2.890000104904175,2.603057622909546
21-10-2021,2.859999895095825,2.859999895095825,2000,2.859999895095825,2.859999895095825,2.576036214828491
22-10-2021,2.859999895095825,2.859999895095825,0,2.859999895095825,2.859999895095825,2.576036214828491
25-10-2021,2.8399999141693115,2.880000114440918,1400,2.880000114440918,2.8399999141693115,2.5580220222473145
26-10-2021,2.8399999141693115,2.8399999141693115,0,2.8399999141693115,2.8399999141693115,2.5580220222473145
27-10-2021,2.8499999046325684,2.8499999046325684,600,2.8499999046325684,2.8499999046325684,2.5670289993286133
28-10-2021,2.859999895095825,2.859999895095825,10000,2.869999885559082,2.869999885559082,2.58504319190979
29-10-2021,2.869999885559082,2.869999885559082,0,2.869999885559082,2.869999885559082,2.58504319190979
01-11-2021,2.9200000762939453,2.9200000762939453,3200,2.9200000762939453,2.9200000762939453,2.6300790309906006
02-11-2021,2.9200000762939453,2.9200000762939453,3500,2.9200000762939453,2.9200000762939453,2.6300790309906006
03-11-2021,2.9200000762939453,2.9200000762939453,0,2.9200000762939453,2.9200000762939453,2.6300790309906006
04-11-2021,2.819999933242798,2.869999885559082,7700,2.869999885559082,2.819999933242798,2.5400075912475586
05-11-2021,2.9000000953674316,2.9000000953674316,3200,2.9000000953674316,2.9000000953674316,2.612064838409424
08-11-2021,2.930000066757202,2.930000066757202,100,2.930000066757202,2.930000066757202,2.6390860080718994
09-11-2021,2.859999895095825,2.890000104904175,6600,2.890000104904175,2.859999895095825,2.576036214828491
10-11-2021,2.859999895095825,2.859999895095825,0,2.859999895095825,2.859999895095825,2.576036214828491
11-11-2021,2.869999885559082,2.869999885559082,1400,2.869999885559082,2.869999885559082,2.58504319190979
12-11-2021,2.8299999237060547,2.8299999237060547,103200,2.8399999141693115,2.8399999141693115,2.5580220222473145
15-11-2021,2.8299999237060547,2.869999885559082,10100,2.869999885559082,2.8399999141693115,2.5580220222473145
16-11-2021,2.809999942779541,2.8299999237060547,15500,2.859999895095825,2.8499999046325684,2.5670289993286133
17-11-2021,2.8399999141693115,2.8399999141693115,5000,2.8399999141693115,2.8399999141693115,2.5580220222473145
18-11-2021,2.8399999141693115,2.8399999141693115,0,2.8399999141693115,2.8399999141693115,2.5580220222473145
19-11-2021,2.7100000381469727,2.7200000286102295,9800,2.7200000286102295,2.7200000286102295,2.449936628341675
22-11-2021,2.609999895095825,2.609999895095825,40000,2.609999895095825,2.609999895095825,2.4230141639709473
23-11-2021,2.609999895095825,2.609999895095825,0,2.609999895095825,2.609999895095825,2.4230141639709473
24-11-2021,2.609999895095825,2.609999895095825,4800,2.609999895095825,2.609999895095825,2.4230141639709473
26-11-2021,2.490000009536743,2.490000009536743,1400,2.490000009536743,2.490000009536743,2.3116114139556885
29-11-2021,2.4700000286102295,2.4700000286102295,22800,2.4700000286102295,2.4700000286102295,2.293044328689575
30-11-2021,2.380000114440918,2.440000057220459,6400,2.440000057220459,2.380000114440918,2.2094922065734863
01-12-2021,2.4200000762939453,2.4200000762939453,3600,2.4200000762939453,2.4200000762939453,2.246626377105713
02-12-2021,2.450000047683716,2.450000047683716,7200,2.450000047683716,2.450000047683716,2.274477005004883
03-12-2021,2.390000104904175,2.4200000762939453,6000,2.4200000762939453,2.390000104904175,2.218775749206543
06-12-2021,2.490000009536743,2.490000009536743,8000,2.549999952316284,2.549999952316284,2.3673126697540283
07-12-2021,2.549999952316284,2.549999952316284,38400,2.549999952316284,2.549999952316284,2.3673126697540283
08-12-2021,2.549999952316284,2.549999952316284,0,2.549999952316284,2.549999952316284,2.3673126697540283
09-12-2021,2.5199999809265137,2.5299999713897705,7600,2.5299999713897705,2.5199999809265137,2.3394620418548584
10-12-2021,2.4600000381469727,2.509999990463257,7600,2.509999990463257,2.4600000381469727,2.2837605476379395
13-12-2021,2.450000047683716,2.5399999618530273,415500,2.5399999618530273,2.5,2.320894956588745
14-12-2021,2.490000009536743,2.5,64200,2.5,2.5,2.320894956588745
15-12-2021,2.4800000190734863,2.4800000190734863,72500,2.5199999809265137,2.5199999809265137,2.3394620418548584
16-12-2021,2.5399999618530273,2.5399999618530273,264800,2.5399999618530273,2.5399999618530273,2.3580291271209717
17-12-2021,2.450000047683716,2.4800000190734863,2900,2.4800000190734863,2.450000047683716,2.274477005004883
20-12-2021,2.450000047683716,2.450000047683716,0,2.450000047683716,2.450000047683716,2.274477005004883
21-12-2021,2.4800000190734863,2.5,223600,2.5,2.4800000190734863,2.302327871322632
22-12-2021,2.490000009536743,2.5199999809265137,63400,2.549999952316284,2.549999952316284,2.3673126697540283
23-12-2021,2.5799999237060547,2.5799999237060547,48700,2.5799999237060547,2.5799999237060547,2.3951635360717773
27-12-2021,2.5799999237060547,2.5799999237060547,0,2.5799999237060547,2.5799999237060547,2.3951635360717773
28-12-2021,2.5799999237060547,2.5799999237060547,0,2.5799999237060547,2.5799999237060547,2.3951635360717773
29-12-2021,2.559999942779541,2.5899999141693115,8100,2.5899999141693115,2.559999942779541,2.376596450805664
30-12-2021,2.559999942779541,2.559999942779541,0,2.559999942779541,2.559999942779541,2.376596450805664
31-12-2021,2.559999942779541,2.559999942779541,0,2.559999942779541,2.559999942779541,2.376596450805664
03-01-2022,2.559999942779541,2.559999942779541,0,2.559999942779541,2.559999942779541,2.376596450805664
04-01-2022,2.7300000190734863,2.7300000190734863,8100,2.7300000190734863,2.7300000190734863,2.534417152404785
05-01-2022,2.75,2.75,16700,2.75,2.75,2.5529844760894775
06-01-2022,2.7200000286102295,2.7699999809265137,21300,2.7899999618530273,2.7899999618530273,2.590118646621704
07-01-2022,2.799999952316284,2.799999952316284,8800,2.799999952316284,2.799999952316284,2.5994021892547607
10-01-2022,2.799999952316284,2.799999952316284,0,2.799999952316284,2.799999952316284,2.5994021892547607
11-01-2022,2.809999942779541,2.809999942779541,17600,2.859999895095825,2.859999895095825,2.6551036834716797
12-01-2022,2.9200000762939453,2.9200000762939453,19900,2.930000066757202,2.930000066757202,2.7200887203216553
13-01-2022,2.9700000286102295,2.9700000286102295,8000,2.9700000286102295,2.9700000286102295,2.757223129272461
14-01-2022,2.9700000286102295,2.9700000286102295,1000,2.9700000286102295,2.9700000286102295,2.757223129272461
18-01-2022,2.950000047683716,3.0,78100,3.0,2.950000047683716,2.7386560440063477
19-01-2022,2.859999895095825,2.890000104904175,495700,2.890000104904175,2.859999895095825,2.6551036834716797
20-01-2022,2.8399999141693115,2.8399999141693115,6100,2.940000057220459,2.9000000953674316,2.692238092422486
21-01-2022,2.9000000953674316,2.9000000953674316,16300,2.940000057220459,2.940000057220459,2.729372501373291
24-01-2022,2.7799999713897705,2.8399999141693115,18200,2.859999895095825,2.859999895095825,2.6551036834716797
25-01-2022,2.7799999713897705,2.809999942779541,10200,2.8399999141693115,2.809999942779541,2.6086857318878174
26-01-2022,2.809999942779541,2.809999942779541,36000,2.809999942779541,2.809999942779541,2.6086857318878174
27-01-2022,2.809999942779541,2.809999942779541,0,2.809999942779541,2.809999942779541,2.6086857318878174
28-01-2022,2.9600000381469727,2.9600000381469727,3300,2.9600000381469727,2.9600000381469727,2.7479395866394043
31-01-2022,2.990000009536743,2.990000009536743,500,2.990000009536743,2.990000009536743,2.775790214538574
01-02-2022,3.0,3.0,600,3.009999990463257,3.009999990463257,2.7943572998046875
02-02-2022,3.009999990463257,3.009999990463257,6400,3.009999990463257,3.009999990463257,2.7943572998046875
03-02-2022,3.009999990463257,3.009999990463257,0,3.009999990463257,3.009999990463257,2.7943572998046875
04-02-2022,3.109999895095825,3.109999895095825,200,3.109999895095825,3.109999895095825,2.887193202972412
07-02-2022,3.109999895095825,3.109999895095825,800,3.109999895095825,3.109999895095825,2.887193202972412
08-02-2022,3.2200000286102295,3.2200000286102295,100,3.2200000286102295,3.2200000286102295,2.9893128871917725
09-02-2022,3.2799999713897705,3.299999952316284,5200,3.299999952316284,3.2799999713897705,3.0450141429901123
10-02-2022,3.3299999237060547,3.3299999237060547,1800,3.3299999237060547,3.3299999237060547,3.0914320945739746
11-02-2022,3.2100000381469727,3.319999933242798,13500,3.319999933242798,3.2100000381469727,2.980029344558716
14-02-2022,3.059999942779541,3.180000066757202,70500,3.180000066757202,3.140000104904175,2.91504430770874
15-02-2022,3.2899999618530273,3.2899999618530273,60000,3.2899999618530273,3.2899999618530273,3.054297685623169
16-02-2022,3.2899999618530273,3.2899999618530273,0,3.2899999618530273,3.2899999618530273,3.054297685623169
17-02-2022,3.0799999237060547,3.119999885559082,36900,3.130000114440918,3.0799999237060547,2.859342575073242
18-02-2022,3.0399999618530273,3.1700000762939453,12100,3.1700000762939453,3.1700000762939453,2.94289493560791
22-02-2022,3.1700000762939453,3.1700000762939453,0,3.1700000762939453,3.1700000762939453,2.94289493560791
23-02-2022,3.1700000762939453,3.1700000762939453,0,3.1700000762939453,3.1700000762939453,2.94289493560791
24-02-2022,2.6500000953674316,2.6500000953674316,4200,2.7899999618530273,2.7899999618530273,2.590118646621704
25-02-2022,2.8399999141693115,2.890000104904175,10700,2.890000104904175,2.8399999141693115,2.6365365982055664
28-02-2022,2.5199999809265137,2.5899999141693115,9700,2.5899999141693115,2.5199999809265137,2.3394620418548584
01-03-2022,2.3499999046325684,2.3499999046325684,7500,2.4200000762939453,2.4200000762939453,2.246626377105713
02-03-2022,2.390000104904175,2.390000104904175,300,2.430000066757202,2.430000066757202,2.2559099197387695
03-03-2022,2.299999952316284,2.299999952316284,900,2.4100000858306885,2.4100000858306885,2.237342834472656
04-03-2022,2.1700000762939453,2.200000047683716,123000,2.200000047683716,2.180000066757202,2.023820400238037
07-03-2022,2.0999999046325684,2.140000104904175,76600,2.140000104904175,2.0999999046325684,1.949551701545715
08-03-2022,2.049999952316284,2.0799999237060547,84800,2.190000057220459,2.190000057220459,2.033104181289673
09-03-2022,2.2799999713897705,2.2799999713897705,21100,2.309999942779541,2.309999942779541,2.1445069313049316
10-03-2022,2.1600000858306885,2.1600000858306885,52500,2.200000047683716,2.200000047683716,2.0423877239227295
11-03-2022,2.2300000190734863,2.2300000190734863,5600,2.2300000190734863,2.2300000190734863,2.0702383518218994
14-03-2022,2.1600000858306885,2.240000009536743,74000,2.240000009536743,2.180000066757202,2.023820400238037
15-03-2022,2.240000009536743,2.240000009536743,600,2.25,2.25,2.0888054370880127
16-03-2022,2.25,2.25,0,2.25,2.25,2.0888054370880127
17-03-2022,2.2799999713897705,2.2799999713897705,11200,2.2799999713897705,2.2799999713897705,2.1166563034057617
18-03-2022,2.2799999713897705,2.2799999713897705,0,2.2799999713897705,2.2799999713897705,2.1166563034057617
21-03-2022,2.3399999141693115,2.3499999046325684,43200,2.3499999046325684,2.3399999141693115,2.1723575592041016
22-03-2022,2.3399999141693115,2.3399999141693115,6400,2.3399999141693115,2.3399999141693115,2.1723575592041016
23-03-2022,2.2300000190734863,2.299999952316284,5400,2.299999952316284,2.2300000190734863,2.0702383518218994
24-03-2022,2.2200000286102295,2.240000009536743,205800,2.240000009536743,2.2200000286102295,2.0609548091888428
25-03-2022,2.2200000286102295,2.2200000286102295,5600,2.2200000286102295,2.2200000286102295,2.0609548091888428
28-03-2022,2.2200000286102295,2.2200000286102295,0,2.2200000286102295,2.2200000286102295,2.0609548091888428
29-03-2022,2.359999895095825,2.359999895095825,65100,2.4200000762939453,2.369999885559082,2.2002081871032715
30-03-2022,2.369999885559082,2.4000000953674316,5900,2.4000000953674316,2.369999885559082,2.2002081871032715
31-03-2022,2.4000000953674316,2.4000000953674316,1400,2.4000000953674316,2.4000000953674316,2.2280592918395996
01-04-2022,2.3299999237060547,2.3299999237060547,6900,2.3499999046325684,2.3499999046325684,2.181641101837158
04-04-2022,2.319999933242798,2.3399999141693115,700,2.3399999141693115,2.319999933242798,2.1537904739379883
05-04-2022,2.2100000381469727,2.2699999809265137,4500,2.2699999809265137,2.2100000381469727,2.051671266555786
06-04-2022,2.140000104904175,2.140000104904175,9000,2.190000057220459,2.190000057220459,2.033104181289673
07-04-2022,2.1500000953674316,2.240000009536743,5000,2.240000009536743,2.1500000953674316,1.9959696531295776
08-04-2022,2.130000114440918,2.130000114440918,10800,2.130000114440918,2.130000114440918,1.9774025678634644
11-04-2022,2.119999885559082,2.240000009536743,461400,2.240000009536743,2.119999885559082,1.9681187868118288
12-04-2022,2.0799999237060547,2.0999999046325684,16700,2.0999999046325684,2.0799999237060547,1.9309844970703125
13-04-2022,2.0799999237060547,2.130000114440918,87200,2.130000114440918,2.0799999237060547,1.9309844970703125
14-04-2022,2.0999999046325684,2.0999999046325684,11000,2.1500000953674316,2.1500000953674316,1.9959696531295776
18-04-2022,2.1500000953674316,2.1500000953674316,50400,2.1500000953674316,2.1500000953674316,1.9959696531295776
19-04-2022,2.1500000953674316,2.1500000953674316,8600,2.1500000953674316,2.1500000953674316,1.9959696531295776
20-04-2022,2.1500000953674316,2.1500000953674316,0,2.1500000953674316,2.1500000953674316,1.9959696531295776
21-04-2022,2.2699999809265137,2.2699999809265137,4700,2.2699999809265137,2.2699999809265137,2.107372522354126
22-04-2022,2.2100000381469727,2.2100000381469727,100,2.2100000381469727,2.2100000381469727,2.051671266555786
25-04-2022,2.2100000381469727,2.2100000381469727,25200,2.2100000381469727,2.2100000381469727,2.051671266555786
26-04-2022,2.0999999046325684,2.0999999046325684,4000,2.0999999046325684,2.0999999046325684,1.949551701545715
27-04-2022,2.0899999141693115,2.0899999141693115,5000,2.0899999141693115,2.0899999141693115,1.9402679204940796
28-04-2022,2.0999999046325684,2.0999999046325684,200,2.0999999046325684,2.0999999046325684,1.949551701545715
29-04-2022,2.0999999046325684,2.0999999046325684,0,2.0999999046325684,2.0999999046325684,1.949551701545715
02-05-2022,1.9900000095367432,2.0299999713897705,32200,2.0299999713897705,1.9900000095367432,1.8474323749542236
03-05-2022,2.0899999141693115,2.0899999141693115,25000,2.0899999141693115,2.0899999141693115,1.9402679204940796
04-05-2022,2.0899999141693115,2.0899999141693115,0,2.0899999141693115,2.0899999141693115,1.9402679204940796
05-05-2022,2.0299999713897705,2.130000114440918,13500,2.130000114440918,2.0899999141693115,1.9402679204940796
06-05-2022,2.0,2.049999952316284,79400,2.049999952316284,2.0,1.8567159175872805
09-05-2022,1.950000047683716,1.950000047683716,5100,1.9800000190734863,1.9800000190734863,1.838148832321167
10-05-2022,1.9900000095367432,1.9900000095367432,900,1.9900000095367432,1.9900000095367432,1.8474323749542236
11-05-2022,2.0199999809265137,2.059999942779541,31700,2.119999885559082,2.0399999618530273,1.8938502073287964
12-05-2022,2.109999895095825,2.119999885559082,147100,2.119999885559082,2.109999895095825,1.958835244178772
13-05-2022,2.049999952316284,2.049999952316284,4800,2.0999999046325684,2.069999933242798,1.921700954437256
16-05-2022,2.059999942779541,2.059999942779541,146500,2.059999942779541,2.059999942779541,1.9124172925949097
17-05-2022,2.109999895095825,2.109999895095825,33800,2.109999895095825,2.109999895095825,1.958835244178772
18-05-2022,2.109999895095825,2.109999895095825,0,2.109999895095825,2.109999895095825,1.958835244178772
19-05-2022,2.109999895095825,2.109999895095825,2400,2.119999885559082,2.109999895095825,1.958835244178772
20-05-2022,2.109999895095825,2.109999895095825,0,2.109999895095825,2.109999895095825,1.958835244178772
23-05-2022,2.0799999237060547,2.1600000858306885,506200,2.1600000858306885,2.1600000858306885,2.087362766265869
24-05-2022,2.1600000858306885,2.1600000858306885,0,2.1600000858306885,2.1600000858306885,2.087362766265869
25-05-2022,2.1600000858306885,2.1600000858306885,0,2.1600000858306885,2.1600000858306885,2.087362766265869
26-05-2022,2.1600000858306885,2.1600000858306885,240800,2.1600000858306885,2.1600000858306885,2.087362766265869
27-05-2022,2.1600000858306885,2.1600000858306885,0,2.1600000858306885,2.1600000858306885,2.087362766265869
31-05-2022,2.1600000858306885,2.1600000858306885,0,2.1600000858306885,2.1600000858306885,2.087362766265869
01-06-2022,2.1600000858306885,2.1600000858306885,0,2.1600000858306885,2.1600000858306885,2.087362766265869
02-06-2022,2.1600000858306885,2.1600000858306885,0,2.1600000858306885,2.1600000858306885,2.087362766265869
03-06-2022,2.140000104904175,2.140000104904175,1000,2.140000104904175,2.140000104904175,2.068035364151001
06-06-2022,2.140000104904175,2.140000104904175,0,2.140000104904175,2.140000104904175,2.068035364151001
07-06-2022,2.140000104904175,2.140000104904175,0,2.140000104904175,2.140000104904175,2.068035364151001
08-06-2022,2.190000057220459,2.190000057220459,6600,2.190000057220459,2.190000057220459,2.116353988647461
09-06-2022,2.190000057220459,2.190000057220459,0,2.190000057220459,2.190000057220459,2.116353988647461
10-06-2022,2.190000057220459,2.190000057220459,115600,2.190000057220459,2.190000057220459,2.116353988647461
13-06-2022,1.840000033378601,1.899999976158142,16600,1.899999976158142,1.840000033378601,1.7781238555908203
14-06-2022,1.8200000524520872,1.850000023841858,800,1.919999957084656,1.919999957084656,1.8554335832595823
15-06-2022,1.9299999475479128,1.940000057220459,1634100,1.940000057220459,1.9299999475479128,1.8650972843170168
16-06-2022,1.8899999856948853,1.8899999856948853,1000,1.8899999856948853,1.8899999856948853,1.8264423608779907
17-06-2022,1.8899999856948853,1.8899999856948853,5800,1.8899999856948853,1.8899999856948853,1.8264423608779907
21-06-2022,2.0299999713897705,2.0799999237060547,4400,2.0799999237060547,2.0299999713897705,1.961734414100647
22-06-2022,2.0299999713897705,2.0299999713897705,45600,2.0299999713897705,2.0299999713897705,1.961734414100647
23-06-2022,2.0299999713897705,2.0299999713897705,0,2.0299999713897705,2.0299999713897705,1.961734414100647
24-06-2022,2.0299999713897705,2.0299999713897705,9300,2.0299999713897705,2.0299999713897705,1.961734414100647
27-06-2022,2.0199999809265137,2.0199999809265137,231600,2.0399999618530273,2.0299999713897705,1.961734414100647
28-06-2022,2.0299999713897705,2.0299999713897705,2300,2.0299999713897705,2.0299999713897705,1.961734414100647
29-06-2022,1.9600000381469729,1.9900000095367432,1081400,1.9900000095367432,1.9700000286102295,1.9037522077560425
30-06-2022,1.8600000143051147,1.8799999952316284,26000,1.8799999952316284,1.8600000143051147,1.7974512577056885
01-07-2022,1.850000023841858,1.850000023841858,1900,1.8600000143051147,1.8600000143051147,1.7974512577056885
05-07-2022,1.7599999904632568,1.7599999904632568,34400,1.7599999904632568,1.7599999904632568,1.700814127922058
06-07-2022,1.7599999904632568,1.7599999904632568,0,1.7599999904632568,1.7599999904632568,1.700814127922058
07-07-2022,1.7400000095367432,1.7400000095367432,535200,1.840000033378601,1.840000033378601,1.7781238555908203
08-07-2022,1.840000033378601,1.840000033378601,0,1.840000033378601,1.840000033378601,1.7781238555908203
11-07-2022,1.840000033378601,1.840000033378601,0,1.840000033378601,1.840000033378601,1.7781238555908203
12-07-2022,1.7100000381469729,1.7200000286102295,188200,1.7200000286102295,1.7200000286102295,1.6621593236923218
13-07-2022,1.7000000476837158,1.7400000095367432,30200,1.7400000095367432,1.7000000476837158,1.642831802368164
14-07-2022,1.6299999952316284,1.6299999952316284,17300,1.6299999952316284,1.6299999952316284,1.575185775756836
15-07-2022,1.6699999570846558,1.6699999570846558,1082500,1.6799999475479126,1.6699999570846558,1.6138405799865725
18-07-2022,1.7000000476837158,1.7300000190734863,2343400,1.7300000190734863,1.7000000476837158,1.642831802368164
19-07-2022,1.7799999713897705,1.8200000524520872,623600,1.8200000524520872,1.8200000524520872,1.758796453475952
20-07-2022,1.690000057220459,1.7899999618530271,606100,1.7899999618530271,1.690000057220459,1.63316810131073
21-07-2022,1.7200000286102295,1.7200000286102295,9100,1.75,1.75,1.691150426864624
22-07-2022,1.6699999570846558,1.7100000381469729,223100,1.7100000381469729,1.6699999570846558,1.6138405799865725
25-07-2022,1.7400000095367432,1.7400000095367432,1962300,1.7400000095367432,1.7400000095367432,1.68148672580719
26-07-2022,1.7400000095367432,1.7400000095367432,0,1.7400000095367432,1.7400000095367432,1.68148672580719
27-07-2022,1.6699999570846558,1.7100000381469729,20500,1.7200000286102295,1.7200000286102295,1.6621593236923218
28-07-2022,1.7200000286102295,1.7200000286102295,0,1.7200000286102295,1.7200000286102295,1.6621593236923218
29-07-2022,1.7899999618530271,1.7899999618530271,86400,1.7899999618530271,1.7899999618530271,1.7298052310943604
01-08-2022,1.7899999618530271,1.7899999618530271,48100,1.7899999618530271,1.7899999618530271,1.7298052310943604
02-08-2022,1.7599999904632568,1.850000023841858,50300,1.850000023841858,1.7599999904632568,1.700814127922058
03-08-2022,1.7599999904632568,1.7599999904632568,39600,1.7599999904632568,1.7599999904632568,1.700814127922058
04-08-2022,1.8799999952316284,1.8799999952316284,5300,1.8799999952316284,1.8799999952316284,1.8167786598205569
05-08-2022,1.8799999952316284,1.8799999952316284,0,1.8799999952316284,1.8799999952316284,1.8167786598205569
08-08-2022,1.840000033378601,1.840000033378601,90100,1.840000033378601,1.840000033378601,1.7781238555908203
09-08-2022,1.8600000143051147,1.8600000143051147,210000,1.8600000143051147,1.8600000143051147,1.7974512577056885
10-08-2022,1.8899999856948853,1.899999976158142,451000,1.899999976158142,1.8899999856948853,1.8264423608779907
11-08-2022,1.8799999952316284,1.909999966621399,55300,1.909999966621399,1.8799999952316284,1.8167786598205569
12-08-2022,1.9299999475479128,1.9299999475479128,4900,1.940000057220459,1.940000057220459,1.87476110458374
15-08-2022,1.8799999952316284,1.899999976158142,30700,1.9299999475479128,1.8799999952316284,1.8167786598205569
16-08-2022,1.8799999952316284,1.8799999952316284,0,1.8799999952316284,1.8799999952316284,1.8167786598205569
17-08-2022,1.850000023841858,1.8799999952316284,140300,1.8799999952316284,1.8799999952316284,1.8167786598205569
18-08-2022,1.8799999952316284,1.8799999952316284,15600,1.8899999856948853,1.8899999856948853,1.8264423608779907
19-08-2022,1.8899999856948853,1.8899999856948853,39600,1.8899999856948853,1.8899999856948853,1.8264423608779907
22-08-2022,1.75,1.75,4800,1.75,1.75,1.691150426864624
23-08-2022,1.7799999713897705,1.7799999713897705,2900,1.7799999713897705,1.7799999713897705,1.7201415300369265
24-08-2022,1.7300000190734863,1.7300000190734863,32600,1.7300000190734863,1.7300000190734863,1.671823024749756
25-08-2022,1.7300000190734863,1.7300000190734863,0,1.7300000190734863,1.7300000190734863,1.671823024749756
26-08-2022,1.7300000190734863,1.7300000190734863,0,1.7300000190734863,1.7300000190734863,1.671823024749756
29-08-2022,1.690000057220459,1.7300000190734863,7900,1.7300000190734863,1.690000057220459,1.63316810131073
30-08-2022,1.7400000095367432,1.7400000095367432,41400,1.7400000095367432,1.7400000095367432,1.68148672580719
31-08-2022,1.7300000190734863,1.7300000190734863,8500,1.7300000190734863,1.7300000190734863,1.671823024749756
01-09-2022,1.7300000190734863,1.7300000190734863,122400,1.7300000190734863,1.7300000190734863,1.671823024749756
02-09-2022,1.75,1.75,10200,1.7599999904632568,1.7599999904632568,1.700814127922058
06-09-2022,1.649999976158142,1.690000057220459,215100,1.7200000286102295,1.690000057220459,1.63316810131073
07-09-2022,1.6699999570846558,1.6699999570846558,22600,1.690000057220459,1.6699999570846558,1.6138405799865725
08-09-2022,1.6699999570846558,1.6699999570846558,162600,1.6699999570846558,1.6699999570846558,1.6138405799865725
09-09-2022,1.840000033378601,1.840000033378601,1368600,1.8899999856948853,1.8899999856948853,1.8264423608779907
12-09-2022,1.950000047683716,1.950000047683716,10600,1.950000047683716,1.950000047683716,1.8844248056411743
13-09-2022,1.950000047683716,1.950000047683716,0,1.950000047683716,1.950000047683716,1.8844248056411743
14-09-2022,1.909999966621399,1.909999966621399,5400,1.940000057220459,1.940000057220459,1.87476110458374
15-09-2022,1.940000057220459,1.940000057220459,0,1.940000057220459,1.940000057220459,1.87476110458374
16-09-2022,1.8899999856948853,1.9299999475479128,16000,1.940000057220459,1.940000057220459,1.87476110458374
19-09-2022,1.8899999856948853,1.919999957084656,70800,1.9700000286102295,1.9700000286102295,1.9037522077560425
20-09-2022,1.9700000286102295,1.9700000286102295,2600,1.9700000286102295,1.9700000286102295,1.9037522077560425
21-09-2022,1.9700000286102295,1.9700000286102295,1428000,1.9700000286102295,1.9700000286102295,1.9037522077560425
22-09-2022,1.9700000286102295,1.9700000286102295,0,1.9700000286102295,1.9700000286102295,1.9037522077560425
23-09-2022,1.9700000286102295,1.9700000286102295,0,1.9700000286102295,1.9700000286102295,1.9037522077560425
26-09-2022,1.6799999475479126,1.7000000476837158,9600,1.7300000190734863,1.6799999475479126,1.6235042810440063
27-09-2022,1.7000000476837158,1.7000000476837158,1900,1.7000000476837158,1.7000000476837158,1.642831802368164
28-09-2022,1.659999966621399,1.659999966621399,14200,1.659999966621399,1.659999966621399,1.6041768789291382
29-09-2022,1.6100000143051147,1.6100000143051147,17300,1.6100000143051147,1.6100000143051147,1.5558583736419678
30-09-2022,1.649999976158142,1.649999976158142,936500,1.659999966621399,1.659999966621399,1.6041768789291382
03-10-2022,1.7000000476837158,1.7000000476837158,16500,1.7000000476837158,1.7000000476837158,1.642831802368164
04-10-2022,1.7000000476837158,1.7000000476837158,0,1.7000000476837158,1.7000000476837158,1.642831802368164
05-10-2022,1.7100000381469729,1.7100000381469729,200,1.7100000381469729,1.7100000381469729,1.6524956226348877
06-10-2022,1.7100000381469729,1.7100000381469729,700,1.7100000381469729,1.7100000381469729,1.6524956226348877
07-10-2022,1.7100000381469729,1.7100000381469729,0,1.7100000381469729,1.7100000381469729,1.6524956226348877
10-10-2022,1.649999976158142,1.649999976158142,24600,1.649999976158142,1.649999976158142,1.594513177871704
11-10-2022,1.6100000143051147,1.659999966621399,3900,1.659999966621399,1.6100000143051147,1.5558583736419678
12-10-2022,1.590000033378601,1.6200000047683716,101600,1.6200000047683716,1.590000033378601,1.5365309715270996
13-10-2022,1.690000057220459,1.690000057220459,1900,1.690000057220459,1.690000057220459,1.63316810131073
14-10-2022,1.690000057220459,1.690000057220459,79200,1.690000057220459,1.690000057220459,1.63316810131073
17-10-2022,1.690000057220459,1.690000057220459,84400,1.690000057220459,1.690000057220459,1.63316810131073
18-10-2022,1.7599999904632568,1.7899999618530271,226800,1.7899999618530271,1.7599999904632568,1.700814127922058
19-10-2022,1.75,1.7599999904632568,15200,1.7599999904632568,1.7599999904632568,1.700814127922058
20-10-2022,1.7699999809265137,1.7899999618530271,9900,1.7899999618530271,1.7699999809265137,1.7104778289794922
21-10-2022,1.75,1.7699999809265137,14700,1.7799999713897705,1.7799999713897705,1.7201415300369265
24-10-2022,1.830000042915344,1.830000042915344,47500,1.830000042915344,1.830000042915344,1.7684601545333862
25-10-2022,1.830000042915344,1.830000042915344,0,1.830000042915344,1.830000042915344,1.7684601545333862
26-10-2022,1.830000042915344,1.830000042915344,0,1.830000042915344,1.830000042915344,1.7684601545333862
27-10-2022,1.8799999952316284,1.8799999952316284,511200,1.899999976158142,1.899999976158142,1.8361061811447144
28-10-2022,1.899999976158142,1.899999976158142,210000,1.899999976158142,1.899999976158142,1.8361061811447144
31-10-2022,1.909999966621399,1.909999966621399,18300,1.9299999475479128,1.9299999475479128,1.8650972843170168
01-11-2022,1.9299999475479128,1.9299999475479128,0,1.9299999475479128,1.9299999475479128,1.8650972843170168
02-11-2022,1.8899999856948853,1.940000057220459,17400,1.940000057220459,1.8899999856948853,1.8264423608779907
03-11-2022,1.909999966621399,1.909999966621399,200,1.909999966621399,1.909999966621399,1.8457698822021484
04-11-2022,2.0199999809265137,2.0199999809265137,228900,2.0199999809265137,2.0199999809265137,1.952070713043213
07-11-2022,2.0199999809265137,2.0199999809265137,0,2.0199999809265137,2.0199999809265137,1.952070713043213
08-11-2022,2.0199999809265137,2.0199999809265137,0,2.0199999809265137,2.0199999809265137,1.952070713043213
09-11-2022,2.0199999809265137,2.0199999809265137,0,2.0199999809265137,2.0199999809265137,1.952070713043213
10-11-2022,2.0199999809265137,2.0199999809265137,0,2.0199999809265137,2.0199999809265137,1.952070713043213
11-11-2022,2.1700000762939453,2.2799999713897705,14100,2.2799999713897705,2.1700000762939453,2.0970265865325928
14-11-2022,2.200000047683716,2.25,6400,2.259999990463257,2.259999990463257,2.184000015258789
15-11-2022,2.2799999713897705,2.2899999618530273,10900,2.2899999618530273,2.2799999713897705,2.2033274173736572
16-11-2022,2.240000009536743,2.2799999713897705,4000,2.2799999713897705,2.240000009536743,2.164672613143921
17-11-2022,2.2899999618530273,2.2899999618530273,100,2.2899999618530273,2.2899999618530273,2.2129909992218018
18-11-2022,2.25,2.2899999618530273,2500,2.2899999618530273,2.259999990463257,2.184000015258789
21-11-2022,2.190000057220459,2.2200000286102295,17800,2.2200000286102295,2.190000057220459,2.190000057220459
22-11-2022,2.2200000286102295,2.2200000286102295,12800,2.2200000286102295,2.2200000286102295,2.2200000286102295
23-11-2022,2.2300000190734863,2.2300000190734863,10800,2.240000009536743,2.240000009536743,2.240000009536743
25-11-2022,2.2200000286102295,2.2200000286102295,13100,2.2200000286102295,2.2200000286102295,2.2200000286102295
28-11-2022,2.2200000286102295,2.2200000286102295,0,2.2200000286102295,2.2200000286102295,2.2200000286102295
29-11-2022,2.1700000762939453,2.2100000381469727,82600,2.2100000381469727,2.1700000762939453,2.1700000762939453
30-11-2022,2.200000047683716,2.2100000381469727,5800,2.2200000286102295,2.2100000381469727,2.2100000381469727
01-12-2022,2.200000047683716,2.200000047683716,3200,2.200000047683716,2.200000047683716,2.200000047683716
02-12-2022,2.2200000286102295,2.2200000286102295,100,2.2200000286102295,2.2200000286102295,2.2200000286102295
05-12-2022,2.2200000286102295,2.2200000286102295,0,2.2200000286102295,2.2200000286102295,2.2200000286102295
06-12-2022,2.2200000286102295,2.2200000286102295,0,2.2200000286102295,2.2200000286102295,2.2200000286102295
07-12-2022,2.2200000286102295,2.2200000286102295,0,2.2200000286102295,2.2200000286102295,2.2200000286102295
08-12-2022,2.1600000858306885,2.1600000858306885,42700,2.1600000858306885,2.1600000858306885,2.1600000858306885
09-12-2022,2.1600000858306885,2.1600000858306885,0,2.1600000858306885,2.1600000858306885,2.1600000858306885
12-12-2022,2.1600000858306885,2.1700000762939453,6964,2.1700000762939453,2.1600000858306885,2.1600000858306885
